1808.695805 2735.719895 1774.255377 2489.217068 4.996690 0.333333 113.378368 
1788.105212 2485.552016 1898.149790 2455.716433 6.681876 0.333333 55.334034 
1942.595799 2443.678812 2043.623350 2416.207730 5.523801 0.333333 63.641751 
1819.078089 2471.980109 1765.374089 2485.907486 6.991237 0.333333 22.716256 
1520.621873 2029.395369 1566.931944 2036.504030 6.556954 0.333333 8.492664 
2043.850208 2416.207329 2160.593331 2384.259276 6.231792 0.333333 62.075199 
834.005958 2258.492424 1044.793442 2470.208393 6.422200 0.333333 210.629072 
1783.650816 2580.374208 1802.932136 2716.902237 4.936740 0.333333 43.791509 
206.094643 1211.094446 117.965146 1299.215373 7.075881 0.333333 64.641151 
1522.623107 111.110178 1643.766753 231.248792 8.422455 0.333333 103.207267 
1509.878949 97.628865 1523.075241 110.688373 4.607809 0.333333 0.715424 
1695.180523 273.588116 1519.832887 100.148327 6.453001 0.333333 179.990310 
1911.626524 2447.195852 1819.372779 2471.866693 6.529083 0.333333 66.968343 
607.591574 1305.057208 586.116659 1326.126133 6.245943 0.333333 3.103603 
694.303882 725.539628 626.430171 792.688858 8.187220 0.333333 48.667699 
2864.947878 1433.779330 2914.022307 1482.247732 7.312553 0.333333 27.096495 
2569.127706 1140.862786 2638.212459 1209.298566 7.371307 0.333333 48.399053 
671.314088 757.589695 694.887901 734.860510 7.360061 0.333333 5.990373 
1898.405386 2455.452177 1944.158380 2443.542796 6.827689 0.333333 12.964639 
1088.036560 1861.962338 1040.828406 1814.158554 4.635428 0.333333 27.148311 
1449.852157 2875.141227 1476.923924 2901.842731 6.229639 0.333333 11.143453 
2519.687187 1091.537472 2536.978038 1109.308523 6.295543 0.083333 3.770087 
2784.522659 1354.190731 2864.469147 1433.046836 7.556409 0.333333 63.081436 
1045.261971 2470.987039 1449.238459 2874.513089 6.250786 0.333333 362.168798 
2156.639560 1892.882849 2171.865139 1878.079228 7.244233 0.166667 7.347985 
1133.004799 1921.988612 1190.371893 1979.632900 6.321374 0.333333 24.089433 
1863.076693 784.442391 1812.696216 734.791714 6.206365 0.333333 27.286503 
1983.270738 2068.274121 2105.586337 1945.582625 7.163273 0.333333 81.416104 
2638.762194 1209.963848 2755.139649 1324.882382 7.414011 0.333333 99.334732 
277.267652 1690.210645 297.176471 1710.326633 6.121019 0.166667 1.517028 
2921.141396 1488.890231 2942.985310 1512.159246 7.309109 0.333333 2.697926 
1297.415441 491.199205 1324.318412 462.952147 7.068969 0.333333 7.798609 
1485.481018 423.265737 1535.555987 473.194216 6.193651 0.333333 28.933469 
1740.286576 664.725373 1644.894809 572.586838 6.794044 0.333333 62.645231 
2032.723170 1230.222005 2011.440662 1251.443026 4.349259 0.333333 0.856037 
1966.346504 2432.413541 1911.077704 2447.305167 7.754646 0.333333 16.513153 
497.199545 920.945687 429.554215 988.310173 7.232852 0.333333 60.208018 
1773.400828 2489.322309 1787.918326 2485.977870 5.809857 0.166667 3.745371 
2887.145000 1449.108424 2786.966566 1349.278747 5.509818 0.333333 99.207450 
1943.080328 863.195171 1863.545305 785.196417 6.298940 0.333333 53.167750 
1644.615799 231.607218 1734.199819 319.598601 8.010121 0.333333 95.520897 
1299.614068 1902.114171 1340.873440 1860.872475 6.193055 0.333333 22.586513 
1343.001855 445.518044 1353.490214 433.442203 6.978337 0.083333 6.392596 
2104.938721 1023.813556 1944.045058 863.451890 6.168148 0.333333 139.356043 
2141.531002 2384.382987 2075.177886 2402.760686 7.786326 0.333333 29.691550 
1773.105308 2510.244353 1783.729827 2579.474013 5.706676 0.333333 23.555541 
400.666537 1805.538962 373.691866 1777.532978 8.401125 0.333333 8.306860 
617.997154 1303.001678 640.547369 1280.542017 7.085280 0.333333 5.705802 
2771.913462 1334.351024 2561.915431 1126.834086 6.213337 0.333333 175.647609 
2957.747257 1525.945637 2989.456967 1556.824462 8.106777 0.333333 6.919836 
926.974757 508.225358 954.557087 480.808183 6.173886 0.333333 11.031940 
1475.471200 2900.768723 1579.074469 3003.428294 6.401447 0.333333 72.040896 
779.975195 1141.226269 866.302206 1055.053418 6.233786 0.333333 64.845129 
2052.286572 620.220513 1994.535082 562.953002 6.235479 0.333333 38.132702 
2179.165103 745.847940 2082.477784 650.016830 6.206778 0.333333 68.767337 
2304.817508 871.433547 2179.965321 746.283106 6.059589 0.333333 85.399091 
888.396767 1661.611167 855.135777 1627.349940 4.850966 0.333333 9.397481 
1071.960696 363.223765 1160.221020 273.961524 7.340332 0.333333 80.483182 
1359.624253 419.616270 1338.685608 441.247723 6.459640 0.333333 7.738735 
1409.307746 2828.193500 1022.249019 2441.500627 6.342235 0.333333 386.965087 
1611.264893 538.744770 1564.644491 492.851241 5.511468 0.333333 32.799375 
461.788483 965.545170 477.360044 948.669172 7.344951 0.166667 4.001956 
1516.228519 2935.022031 1415.024121 2833.725331 6.165025 0.333333 69.830121 
641.351273 1280.101347 780.108460 1141.358281 6.190738 0.333333 109.184741 
1505.765121 86.739034 1462.700080 43.544915 5.366781 0.333333 36.093410 
84.183109 1332.885189 37.160598 1380.904669 6.251743 0.333333 35.075843 
475.682524 1890.557977 504.327056 1919.432519 5.437569 0.166667 1.350213 
954.473936 480.729991 975.152026 460.144293 7.992533 0.333333 0.286738 
253.516116 1163.514162 214.860247 1202.364067 7.115301 0.333333 23.427618 
1354.531143 69.518557 1314.700577 109.708851 6.238776 0.333333 12.462841 
1564.228737 493.239176 1422.858646 355.862759 7.637577 0.333333 107.580704 
1567.173058 2036.132027 1713.514870 2058.018126 7.080766 0.333333 73.771698 
2075.250454 2402.552094 1966.693199 2432.465230 7.203925 0.333333 57.467969 
491.233433 934.995159 532.624576 893.863532 6.245526 0.333333 24.978768 
1178.450367 247.188635 1131.894787 293.160898 9.039255 0.333333 20.866512 
2174.870451 1096.431803 2105.269281 1024.682647 6.882230 0.333333 36.414323 
2435.872532 1002.877508 2333.995523 901.004541 5.306036 0.333333 119.094513 
1018.211230 1791.829076 1005.867843 1779.101777 3.290701 0.166667 1.297182 
1367.376771 650.139164 1352.220409 635.298856 4.220628 0.166667 1.522751 
1463.930234 44.816378 1421.341205 2.405782 7.171247 0.333333 19.409480 
1423.330636 361.674575 1484.732661 422.771791 6.189364 0.333333 32.251056 
1979.836951 548.945296 1871.423554 444.793769 6.947818 0.333333 77.365107 
975.897375 459.649827 1071.404485 363.902530 7.157644 0.333333 61.537409 
1718.088850 3136.909451 1640.534694 3059.463683 4.455883 0.333333 47.871977 
1763.651988 687.624105 1741.301271 664.940305 7.162395 0.333333 6.626555 
391.431518 1026.423179 349.789151 1067.296938 6.922573 0.333333 25.132453 
1714.361397 2058.226300 1743.096786 2062.085104 6.102349 0.166667 2.831292 
1870.743740 444.263958 1800.502953 374.497877 5.357214 0.333333 40.217843 
388.227326 1801.774296 425.435356 1839.581448 6.236401 0.333333 12.473111 
747.313194 683.578075 778.710731 652.454876 6.198760 0.333333 13.626609 
896.012888 1027.289664 991.172341 933.660854 7.789871 0.333333 75.580879 
2105.966155 1944.757915 2156.122175 1893.612558 7.588641 0.333333 23.124083 
118.198694 1299.436291 84.891008 1332.396449 6.219546 0.333333 20.826472 
1640.610007 3059.391736 1516.773972 2935.726167 5.310605 0.333333 68.318732 
643.473528 784.778954 672.145314 757.068003 7.100162 0.333333 20.739322 
1021.819116 2440.707813 984.723412 2402.756256 5.793688 0.333333 30.349470 
1394.714942 384.713031 1360.359498 419.109817 7.087011 0.333333 14.811278 
1425.081179 13.665890 1465.169032 53.588049 7.173558 0.333333 32.566417 
1994.306456 563.192931 1980.612934 549.375773 6.206983 0.333333 3.063652 
2335.095184 902.419160 2304.162650 870.858017 6.195762 0.333333 17.159010 
2958.899536 1519.857767 2917.972105 1479.549443 5.964717 0.333333 17.641335 
349.033835 1067.780940 272.903678 1144.154383 6.304210 0.333333 63.324793 
419.180730 1007.959272 445.190876 981.424753 8.280907 0.333333 8.328514 
643.795029 1268.804714 612.313385 1299.837789 6.358261 0.333333 19.350405 
1307.849428 472.855514 1289.297317 491.826642 6.394060 0.333333 2.109748 
1536.227976 473.764092 1562.664827 499.857671 5.418703 0.333333 9.633837 
1782.264387 356.509285 1756.895521 331.819533 7.118377 0.333333 4.930032 
2082.235236 650.280672 2052.991344 620.744986 6.349454 0.333333 5.114978 
273.138954 1144.355090 253.462920 1163.506425 6.198563 0.333333 7.229792 
623.008607 1388.243237 576.725744 1342.022770 6.224743 0.333333 25.329084 
1636.108528 573.851839 1647.834407 584.689411 4.010136 0.166667 0.747866 
2415.561149 988.106565 2427.098861 1000.415160 4.445668 0.083333 11.077580 
270.346899 1672.153352 250.344946 1652.154689 7.072667 0.333333 2.743892 
1644.466549 571.791281 1611.849011 539.392716 4.517629 0.333333 21.975032 
1798.717334 721.289107 1767.410529 690.087663 7.079997 0.333333 14.603299 
2315.443210 888.304108 2343.543575 916.457209 4.448417 0.333333 4.344241 
2504.823559 1076.386695 2518.870426 1091.166543 3.977261 0.166667 6.241794 
169.391075 1570.609418 142.306582 1542.668328 4.707799 0.333333 7.378655 
1041.120777 1815.139699 1018.850380 1792.388534 5.246370 0.166667 12.549976 
1288.682138 572.641605 1270.254183 553.429677 5.633454 0.166667 0.789989 
2013.069880 1635.697358 1985.374141 1608.362662 6.320424 0.333333 3.258549 
141.311888 1542.437646 16.364160 1417.386452 4.492213 0.333333 78.324734 
958.657725 958.513098 947.584836 967.727963 4.702822 0.333333 3.142191 
1191.021563 1980.224178 1203.581267 1992.650405 6.191818 0.166667 0.779680 
2274.424198 2496.826784 2232.344351 2453.890070 5.409928 0.333333 23.179747 
2317.496224 2540.005055 2275.038809 2497.459983 5.343403 0.333333 6.324824 
645.529608 1409.483888 633.413165 1398.869215 3.848530 0.166667 1.314278 
1200.454580 234.220095 1214.149140 220.374300 4.590376 0.083333 1.124397 
2440.549233 1013.134486 2453.376138 1026.636417 4.514036 0.166667 2.671445 
2918.055316 1479.445824 2887.803886 1449.680931 6.237137 0.333333 4.424488 
223.137109 1624.356561 185.733474 1586.760689 5.402967 0.333333 15.721607 
744.647542 1169.642836 707.054691 1207.055556 7.198409 0.333333 30.198528 
854.051238 2266.027176 839.636785 2250.279554 5.844543 0.166667 3.066136 
2204.552858 2426.715799 2162.934609 2384.546571 4.773867 0.333333 23.983159 
476.709815 949.334805 490.908918 935.857200 3.621191 0.166667 6.248914 
667.069421 1245.793268 644.742897 1268.531501 7.946545 0.333333 3.144091 
1246.873708 541.880914 1296.736094 491.729695 6.225447 0.333333 23.905908 
1719.570927 1837.072482 1769.534920 1787.034684 5.346354 0.333333 16.510772 
2104.198687 1725.876112 2084.292497 1706.961829 3.672839 0.166667 0.351354 
1756.195675 331.338490 1695.977965 274.004283 7.204039 0.333333 41.925672 
185.362328 1585.908343 169.046381 1570.782737 6.216194 0.083333 6.934529 
1351.764759 435.516339 1424.371478 361.853609 7.820740 0.333333 49.984360 
3021.873907 1583.126068 3004.564886 1565.410804 6.115009 0.166667 6.758629 
381.356335 1045.215277 403.227932 1024.483592 9.119366 0.333333 2.381805 
807.940635 1106.687408 790.290172 1124.034313 7.055469 0.166667 6.219663 
1005.015434 1778.739580 938.401855 1711.600312 4.742456 0.333333 32.451307 
1160.850371 273.363996 1199.494850 234.486644 7.209104 0.333333 34.009495 
565.226382 852.584407 551.497704 869.060621 5.761393 0.333333 2.412930 
686.132691 1451.783590 672.067579 1435.459075 3.915235 0.166667 4.417151 
37.135601 1380.883135 22.113838 1395.867549 7.086465 0.166667 1.078646 
539.029635 878.971029 524.467212 894.542218 7.566052 0.166667 4.064393 
759.090797 2183.397526 778.592849 2202.666607 5.366938 0.333333 1.956531 
817.283164 2241.449903 830.917209 2255.363811 4.607749 0.166667 6.887588 
244.318446 1645.681201 234.345938 1635.646082 4.667211 0.166667 0.670921 
1281.083495 577.655343 1304.672459 601.581736 7.221531 0.333333 3.665316 
3005.596260 1566.902971 2959.332107 1520.667920 5.315536 0.333333 25.303259 
305.135689 1707.365344 270.782788 1672.965728 7.068664 0.333333 13.691279 
1465.966755 54.021613 1510.073943 98.701018 7.412704 0.333333 35.383224 
1409.348272 369.351067 1394.965509 383.717590 6.195671 0.333333 3.891171 
2117.938496 1044.526787 2131.533378 1058.458366 5.367768 0.083333 6.022866 
585.318936 1326.506282 567.816026 1345.253564 7.127552 0.166667 5.837487 
2229.016292 2450.990085 2208.976808 2431.029725 4.449132 0.166667 6.903287 
425.876815 1840.369237 475.155038 1889.843104 6.307999 0.333333 22.536620 
2056.982436 1679.268115 2037.030776 1659.213613 5.330549 0.333333 5.596452 
2561.696582 1125.831400 2436.721237 1003.257288 7.515751 0.333333 85.114207 
188.556405 1238.542538 204.576861 1221.990012 9.909090 0.166667 1.474505 
576.770453 1343.042525 617.184593 1303.392387 7.408104 0.333333 17.270230 
1324.942349 462.529201 1342.930517 445.361485 7.643455 0.333333 0.377469 
2699.556215 2622.093015 2714.310441 2606.812664 6.232678 0.166667 3.513470 
779.398436 651.960482 794.183030 637.862773 7.889658 0.333333 1.844958 
1589.078055 525.918904 1604.103897 540.896968 7.964794 0.166667 1.517028 
2786.342438 1348.664395 2772.646641 1334.836897 6.140590 0.166667 8.443459 
1579.727541 3003.998651 1611.859039 3035.659769 5.303157 0.333333 14.948690 
916.984328 998.262962 893.737258 1021.257694 8.075413 0.333333 5.900208 
1380.891302 50.892134 1417.152261 14.651043 7.962459 0.333333 9.050974 
1602.069041 2034.602909 1581.895916 2032.880085 7.472798 0.333333 0.575976 
2765.180022 1334.795318 2783.818907 1353.709374 7.187456 0.333333 3.826581 
1214.339931 219.355557 1303.176308 129.425684 7.971022 0.333333 79.557265 
937.656244 1711.104035 920.881400 1694.105526 3.640818 0.333333 0.282939 
533.162360 893.184248 565.965854 860.929145 7.428424 0.333333 19.512775 
885.350882 549.120009 904.005273 530.228539 7.971536 0.166667 0.857420 
2206.725055 779.527991 2223.774332 796.237868 4.588482 0.166667 3.658115 
2174.106264 1797.157372 2153.622230 1776.384680 5.402116 0.333333 4.433974 
213.551735 1213.574731 237.488091 1189.962213 9.885024 0.333333 11.378464 
324.829888 1738.886119 343.788039 1757.473664 4.995324 0.166667 4.426209 
865.465462 1056.710772 894.890212 1027.383607 7.123910 0.333333 16.824663 
947.681440 967.677688 922.077008 993.328920 7.967053 0.333333 10.139569 
2541.668257 1113.297148 2553.421122 1125.335910 5.636082 0.166667 0.154229 
706.335500 1207.578806 667.965247 1245.478775 8.200048 0.333333 19.704848 
3068.745829 1630.005344 3033.712087 1595.036818 5.334590 0.333333 9.390332 
1642.048382 1914.557364 1701.806429 1854.296573 5.355089 0.333333 18.697623 
2033.743228 2007.470986 2017.591118 2023.817711 8.933949 0.333333 0.802959 
2049.321376 975.676013 2070.089103 997.506516 6.347948 0.333333 1.065645 
714.796025 1480.233698 704.600665 1470.391244 5.743593 0.166667 0.421877 
2174.784718 1866.034538 2107.286652 1933.536782 9.725208 0.333333 42.941564 
429.799659 988.511802 408.651252 1008.732725 7.069291 0.333333 1.941761 
832.084716 600.876913 866.362818 567.561877 8.344505 0.333333 16.857592 
893.070805 1021.809672 807.700409 1106.457456 6.958304 0.333333 80.343107 
2036.152587 1658.856787 2013.492269 1636.486745 7.025340 0.083333 1.776025 
3083.440649 1644.071859 3069.949330 1630.023897 3.427218 0.166667 3.440942 
625.950372 793.436247 566.369579 852.632535 7.168314 0.333333 57.591371 
695.674564 734.428410 734.991288 694.985308 7.147646 0.333333 17.652773 
670.229946 1436.037505 648.230194 1414.268690 7.089624 0.333333 3.555882 
3008.831279 1576.159383 3039.819015 1607.688611 7.116735 0.333333 4.186407 
1257.388645 523.613182 1242.748388 539.017058 6.527205 0.333333 3.194517 
1299.105455 125.340380 1271.686348 152.946072 7.106993 0.333333 11.572730 
1352.011898 635.488660 1313.961093 597.282125 6.290058 0.333333 7.630314 
2107.029388 1934.512718 2088.334711 1953.325544 8.018950 0.333333 6.920889 
233.834589 1634.924656 222.650695 1623.593125 5.395917 0.166667 0.412442 
866.866305 566.918123 884.768777 549.733034 7.286402 0.333333 5.989130 
976.496205 1755.982535 1001.824379 1780.707359 2.874363 0.333333 3.861151 
1105.834890 1879.201367 1088.643185 1862.588752 4.343073 0.166667 4.920924 
1196.228118 231.123262 1185.956149 239.962445 3.751773 0.083333 0.311979 
1391.488605 1809.033150 1413.707932 1786.192064 5.278406 0.333333 0.830877 
360.266046 1763.502823 305.494025 1708.243804 8.240452 0.333333 41.140730 
1220.636362 204.340425 1205.322007 219.107129 5.341009 0.166667 0.266537 
2124.353377 1748.251276 2112.433145 1735.220902 6.063204 0.166667 4.288269 
523.725610 894.974370 506.242434 912.493740 8.838830 0.166667 0.892876 
984.231486 2402.050534 904.191638 2319.625402 8.667754 0.333333 78.355947 
1811.998039 734.252715 1799.500784 721.748599 7.071068 0.083333 4.855929 
1807.711710 1748.974117 1824.316312 1731.855600 3.672691 0.166667 0.154229 
579.822903 847.335040 598.212300 829.430795 8.060568 0.333333 0.158051 
1254.214593 1947.962700 1271.824053 1930.558695 4.528256 0.333333 8.343131 
1242.807716 539.685553 1281.080577 577.684178 7.096446 0.333333 17.142358 
1901.696624 2919.192256 1881.442357 2938.962373 5.345677 0.333333 0.949030 
2018.356584 2023.381881 1976.721183 2065.486839 9.995152 0.333333 19.715915 
1415.008451 7.480565 1401.547234 21.561663 3.000953 0.166667 5.211257 
1645.573080 3069.417118 1726.532890 3149.719909 4.775890 0.333333 32.990691 
1799.825084 373.960260 1782.551997 357.418090 7.145819 0.041667 19.173809 
1776.844383 3199.404715 1801.483540 3224.791752 3.701437 0.333333 2.597946 
214.700542 1202.019296 206.921298 1210.809768 6.755989 0.166667 0.717856 
2062.217457 1979.710460 2033.420986 2008.413838 8.878892 0.333333 13.525881 
734.466839 695.737479 747.696048 682.708678 6.193750 0.166667 4.225393 
1246.179095 178.678688 1221.187826 203.688331 7.081462 0.333333 8.320670 
1402.184592 22.181587 1355.229946 68.986672 6.247803 0.333333 22.298074 
431.545862 1837.294094 400.867216 1805.289225 9.701846 0.333333 15.255687 
1314.390614 118.156071 1345.554458 86.797120 8.056967 0.333333 19.980244 
771.078079 1143.564980 745.220245 1169.004682 7.875439 0.333333 4.628542 
1274.202275 506.581187 1257.773478 523.911692 6.618884 0.166667 5.465215 
1611.534756 3034.711733 1645.108775 3068.635896 5.294059 0.333333 3.169453 
1563.475375 500.249431 1588.775113 526.278099 7.891394 0.333333 8.386473 
3103.881616 1671.082001 3129.126843 1695.877657 4.526330 0.333333 6.618369 
1984.939109 1607.567798 1962.326954 1585.181082 6.173822 0.166667 0.749551 
790.749522 1124.417638 771.274549 1142.571806 7.795027 0.166667 4.296885 
1271.432736 1930.175618 1281.413220 1920.160493 3.688706 0.166667 0.771582 
1024.557750 1812.909462 1046.758917 1835.814323 5.440533 0.166667 0.454800 
2073.362735 1695.440116 2057.301690 1680.176032 6.709098 0.333333 1.193740 
3182.282794 1743.968671 3153.582369 1715.164784 5.347820 0.333333 1.807364 
2097.588011 1727.294024 2121.247688 1752.625934 8.411561 0.333333 3.929042 
904.940744 529.962452 926.487306 507.709950 8.110606 0.333333 2.154378 
1065.846501 1855.381436 1102.998517 1891.984637 5.539920 0.333333 15.300236 
373.984742 1778.692868 360.485938 1764.440630 7.441649 0.333333 2.254252 
648.231716 2058.018488 643.236497 2053.013716 2.654182 0.010417 2.401703 
2151.774470 725.721030 2172.368117 746.383526 7.100559 0.333333 1.941761 
2168.203134 1799.221128 2197.797291 1829.770641 7.575556 0.333333 3.583572 
1686.869819 621.807181 1740.188888 673.610449 9.755465 0.333333 14.638995 
804.915492 1573.840687 788.020069 1556.977727 9.742263 0.333333 1.614401 
1770.036967 1786.283502 1804.514478 1752.007935 4.546610 0.333333 8.996917 
1394.063235 677.189801 1367.674502 651.055541 6.208524 0.333333 1.640394 
1997.311372 1273.642844 2017.385605 1251.334812 5.854207 0.333333 2.744889 
2080.762923 1189.546784 2131.246598 1137.477672 6.500693 0.333333 30.526083 
2202.251975 1825.248686 2181.644547 1804.605049 6.186406 0.166667 6.702132 
565.648043 1980.584087 598.532837 2013.954898 5.432829 0.333333 0.847208 
255.122936 1171.338136 287.314470 1139.773544 9.012231 0.333333 14.150390 
1148.036133 1921.993573 1133.841782 1907.426556 2.090821 0.166667 1.381424 
1810.769056 3234.225353 1855.233937 3278.512618 4.453017 0.333333 3.667277 
409.557529 1008.280127 391.806535 1025.586865 7.831115 0.166667 5.655155 
1215.449885 1986.721949 1243.368279 1958.364513 5.551377 0.333333 18.340092 
1267.698459 551.005757 1255.878523 537.764516 4.137660 0.083333 1.345618 
2050.733026 1219.481438 2075.555739 1194.288382 6.285183 0.333333 7.095858 
611.394763 816.384614 644.217777 784.240869 8.277953 0.333333 14.909290 
2680.247992 2641.490388 2699.195920 2622.917095 4.480971 0.166667 9.082467 
957.910923 1737.073654 977.192665 1756.560681 2.878109 0.333333 0.770240 
1960.027643 1591.223281 1987.520658 1618.729656 7.078367 0.333333 1.143468 
1336.133650 444.787798 1322.682690 456.698738 5.700923 0.333333 3.376340 
1314.187691 110.379255 1299.468633 124.523261 7.175304 0.166667 1.125559 
1766.987141 3185.519992 1717.456372 3136.297820 4.405585 0.333333 12.443161 
2023.728205 1654.921385 2052.035379 1681.773658 7.534718 0.333333 6.525026 
796.622716 635.381281 816.572500 615.317098 7.091255 0.333333 0.193311 
724.655326 1490.355326 715.225965 1481.028418 5.576576 0.166667 0.290112 
2032.071600 1238.318435 2049.428464 1220.677603 3.823239 0.333333 2.037579 
1417.382950 700.117806 1394.898799 677.600119 4.442470 0.333333 6.946998 
1878.405005 2947.144949 1929.286457 2896.785539 5.102695 0.333333 14.345453 
3207.512616 1773.672075 3221.134356 1788.919966 2.777019 0.166667 1.316132 
1769.445310 2487.464333 1773.267560 2509.566516 6.751282 0.333333 2.339573 
2148.110693 1779.387931 2167.498208 1798.753882 7.961344 0.333333 3.555882 
718.601826 701.152258 701.514865 717.754347 7.401057 0.333333 4.356564 
1798.838956 1752.579177 1776.392140 1775.138320 2.520137 0.166667 0.879298 
1581.283453 2032.246083 1544.188902 2026.921473 10.070223 0.333333 2.099433 
3130.691347 1691.847093 3105.902766 1667.838213 4.771882 0.333333 7.199135 
1734.839246 320.124476 1751.935349 336.866280 9.749948 0.166667 1.691962 
1783.342335 367.891486 1802.740205 385.945388 9.494578 0.333333 0.557197 
3272.668145 1834.834812 3243.196675 1805.552861 3.808650 0.166667 0.220880 
2758.104091 1366.875472 2788.974310 1397.240784 5.521750 0.166667 1.302752 
816.279225 615.266922 831.717539 601.541852 9.134636 0.333333 2.743735 
2614.322123 1211.920486 2571.943356 1169.299941 4.557679 0.333333 12.359107 
989.815817 434.810993 967.285134 457.289023 11.122292 0.333333 2.745400 
54.092735 1374.130553 66.955790 1359.277491 8.578932 0.333333 0.394707 
773.529977 647.278747 739.829464 681.081879 9.767049 0.333333 12.688260 
1022.778490 947.275223 1004.545784 927.890056 3.356807 0.166667 5.865491 
2006.495885 1255.162845 1993.970177 1269.008777 7.635644 0.166667 0.631651 
1306.648473 604.473911 1322.706443 618.751608 4.349727 0.333333 1.636101 
478.385279 1884.115816 457.755087 1863.495705 9.723798 0.333333 2.368853 
1604.520082 541.595830 1618.990039 554.796962 7.744167 0.083333 0.173071 
1088.393213 337.196180 1068.034505 356.868567 9.110267 0.333333 5.857758 
1113.161839 1046.838884 1139.149221 1073.346350 3.890522 0.083333 0.173071 
1032.135549 393.382007 990.283840 435.287485 10.630431 0.333333 21.515546 
1756.736425 341.929184 1772.406290 356.493196 9.296219 0.333333 1.702063 
1644.872431 1551.377292 1619.865822 1526.384601 2.809698 0.083333 3.645908 
895.855296 2310.385106 879.228443 2294.423474 9.269924 0.333333 2.822351 
1359.249605 1284.508831 1343.777876 1270.012293 3.878628 0.083333 1.104900 
1668.017122 2045.140636 1645.609722 2041.983428 8.388221 0.333333 0.021662 
104.967573 1515.021020 133.496318 1544.053502 10.024005 0.333333 9.651734 
1572.377379 1983.635253 1595.695469 1960.676982 3.741598 0.083333 2.085270 
2391.971683 2656.161545 2407.654144 2630.810459 4.252156 0.333333 1.197132 
1927.439502 2893.687975 1902.471725 2918.723492 5.308086 0.166667 1.225234 
709.270396 2134.411089 729.908507 2153.884352 3.897121 0.333333 0.195887 
1354.842675 77.367984 1380.942740 50.938783 8.960499 0.333333 5.723488 
2884.990596 1488.764950 2852.638306 1456.118571 2.612357 0.083333 7.110174 
135.508638 1545.672980 150.789405 1560.527599 9.959205 0.333333 1.893770 
1788.568914 3206.444685 1768.260079 3185.494059 1.990038 0.166667 4.194791 
1835.788539 3255.441257 1795.554166 3214.444517 2.652058 0.333333 6.615261 
2132.027183 1137.085007 2147.401237 1122.319842 4.265980 0.166667 1.686939 
1963.768018 2856.269294 1937.492037 2882.493261 2.569810 0.333333 1.281595 
1929.902718 2896.157937 1952.512893 2873.769202 2.062899 0.166667 0.238710 
1904.136865 3323.363821 1867.834782 3287.166054 3.594032 0.333333 2.553370 
1324.273592 1249.487011 1304.360996 1229.388875 2.597654 0.020833 0.804626 
1552.958746 1459.548553 1521.024884 1428.957563 2.714211 0.333333 3.746720 
2269.125390 2454.615694 2244.014973 2429.727095 1.723239 0.083333 4.005474 
3023.685496 1636.286180 3053.157666 1664.340684 3.186053 0.166667 0.043796 
