2462.520279 2149.549904 2410.090574 2342.980143 6.181514 0.333333 108.117277 
2934.422090 2745.451239 2647.559895 2667.710220 4.992865 0.333333 171.688955 
3128.001530 1624.680732 3171.446758 1464.598019 6.497867 0.333333 71.555370 
3205.821805 2464.092430 3185.539798 2539.687513 6.419511 0.333333 35.511043 
1696.879685 2145.606333 1669.828960 2138.816439 4.569638 0.333333 2.036940 
2364.970723 2329.812885 2289.902364 2308.126429 5.550773 0.333333 45.716283 
3152.632542 749.946709 3073.672001 728.601525 6.290835 0.333333 37.133912 
3089.437854 1766.891868 3127.485478 1625.117912 6.090553 0.333333 65.122899 
3283.609470 2173.824202 3264.245869 2244.681307 5.391770 0.333333 43.347646 
3582.461326 1049.531521 3537.894293 1216.479723 7.348760 0.333333 113.617633 
1582.925732 286.344954 1540.878991 274.707330 6.023537 0.333333 9.131441 
2174.846318 2276.364648 2098.075481 2255.809951 5.305086 0.333333 34.314524 
2654.529430 625.049875 2513.926352 587.295849 5.186576 0.333333 70.895557 
3015.454055 1023.764934 2908.257328 995.129627 5.690573 0.333333 45.334257 
3177.016588 1439.717018 3188.300914 1393.803798 5.688979 0.333333 21.038515 
3234.649900 1218.535521 3263.830727 1110.141960 5.989641 0.333333 56.520654 
3263.849802 1109.784925 3268.533914 1087.219354 5.865493 0.333333 0.429491 
1489.120026 2344.069998 1412.699843 2323.450741 6.109504 0.333333 35.576293 
2289.864652 2307.583061 2175.118555 2276.228394 5.832537 0.333333 54.414855 
1308.596809 1254.166224 1373.735465 1011.368070 6.330687 0.333333 142.285441 
1831.775270 2188.499179 1847.024627 2192.563614 3.179541 0.166667 1.753962 
2659.708992 936.898318 2605.232682 922.065901 4.818346 0.333333 23.209508 
3508.314385 844.919593 3348.428655 801.993971 5.735785 0.333333 82.267583 
3131.583532 2740.880986 3119.762108 2785.146031 5.963090 0.333333 7.411146 
1413.709152 2323.434088 767.644523 2151.177070 6.217763 0.333333 350.430363 
2139.883340 491.192221 1789.712634 399.093943 5.903377 0.333333 185.320611 
3134.187127 1055.103295 3097.212855 1045.565298 6.244649 0.333333 8.439988 
3247.339069 2308.831997 3220.363991 2409.972161 6.200358 0.333333 56.733345 
2226.317092 2549.297281 1870.456605 2453.752193 5.772031 0.333333 193.980816 
2604.674713 921.994639 2390.720414 865.265148 5.381760 0.333333 96.198286 
2929.997087 2139.540410 2893.539495 2276.652843 6.144879 0.333333 68.528441 
2438.517191 2254.811714 2464.549551 2156.921419 6.103787 0.333333 41.796824 
2645.836057 2667.382862 2582.421597 2649.348366 5.162365 0.333333 34.775610 
3348.093638 801.992579 3152.972273 749.947586 6.439508 0.333333 150.655679 
1296.132959 1301.088946 1308.439409 1254.457976 5.943196 0.333333 16.918047 
1748.474937 2159.317183 1713.004277 2149.826179 4.898541 0.333333 16.582872 
2409.575610 2342.415991 2365.138931 2329.842899 5.468440 0.333333 22.043663 
2490.791598 581.234129 2445.596304 569.485387 5.346352 0.333333 9.353365 
3073.655840 728.307588 2990.206488 705.936122 6.833185 0.333333 46.325922 
3331.781427 2020.600665 3339.564343 1990.674242 7.573168 0.333333 1.534387 
3116.983620 2798.976929 3002.862445 2767.837215 7.117854 0.333333 55.427553 
1909.698310 2205.650947 1876.231491 2196.811327 4.286434 0.333333 11.204224 
2411.617302 2354.642678 2438.483592 2255.047346 6.708447 0.333333 54.414855 
2897.466541 2281.361141 2921.268387 2192.961668 8.124098 0.333333 44.335425 
3265.930224 1089.449165 3134.454041 1055.320503 7.238417 0.333333 63.265531 
3042.170120 1030.767173 3015.793975 1023.740699 5.475045 0.333333 6.050604 
3339.233868 804.916812 3412.005858 823.872631 6.272603 0.333333 34.672830 
1418.241188 241.327735 1402.872391 238.064826 4.966230 0.166667 3.213580 
3154.553977 2655.095519 3131.572457 2740.543630 6.501802 0.333333 36.232845 
1471.110182 263.259914 1489.258141 268.527598 3.717941 0.333333 1.428496 
955.704181 427.473793 943.235015 473.827101 6.684864 0.333333 9.632598 
2893.492796 2268.022350 2876.146110 2263.305651 4.719120 0.166667 4.662497 
3601.925070 977.476958 3596.326798 998.641279 6.611333 0.166667 5.606382 
1558.235851 2362.709757 1503.156713 2348.006203 5.629047 0.333333 23.046697 
2031.932304 2241.674232 2054.716792 2248.177522 2.214402 0.166667 5.375964 
3187.335651 1393.246571 3233.378597 1218.782151 6.763697 0.333333 99.353302 
1010.546657 1448.615471 979.444096 1460.801356 7.391413 0.333333 9.434725 
3185.561999 2539.027318 3154.748499 2655.392903 6.576330 0.333333 67.268236 
939.078616 1483.038736 1005.154311 1456.933621 8.568604 0.333333 28.597854 
2440.273128 2609.399050 2376.030634 2591.656293 6.942392 0.333333 38.703712 
3499.526656 1361.917433 3490.691708 1393.493414 6.885792 0.333333 5.248621 
960.881070 1468.196639 866.804322 1506.702320 7.032667 0.333333 46.756008 
3170.797197 1463.802033 3176.956223 1438.779641 5.452607 0.333333 1.722713 
3512.472328 1313.282400 3503.425942 1347.613069 6.803308 0.333333 20.430259 
1447.176663 1645.889200 1373.104180 1721.794323 6.015688 0.333333 46.806266 
2097.688965 2256.002791 1910.245305 2205.792467 5.260441 0.333333 114.151436 
2320.502572 1471.071188 2280.751473 1460.164068 4.726189 0.333333 1.715284 
3436.742099 1630.244782 3447.757514 1590.180285 5.574744 0.333333 12.515166 
3461.572955 1536.795261 3469.465514 1506.898896 6.497367 0.333333 3.473648 
3604.374170 989.698057 3616.065989 944.489047 8.074893 0.333333 18.566137 
1698.292732 374.995115 1663.123687 365.629930 4.273843 0.333333 7.673742 
1108.787309 1408.501883 1010.306871 1448.593553 7.458867 0.333333 56.847151 
2375.418005 2591.337878 2330.569696 2578.315462 7.124340 0.333333 16.752751 
1961.474993 2223.415219 1982.035999 2228.755077 5.247631 0.083333 3.579345 
1874.448416 2196.627054 1846.102504 2188.233934 4.573254 0.333333 5.946263 
3341.930344 1982.801826 3369.472279 1880.989461 5.864441 0.333333 51.106972 
1357.175994 225.719132 1309.034434 213.182834 7.623299 0.333333 12.226214 
2390.421913 865.172843 2367.796951 859.413765 6.100906 0.166667 8.121833 
3222.654726 2421.226121 3234.856172 2380.027106 7.550667 0.333333 25.085419 
1789.500558 2176.434515 1816.581734 2184.153843 5.156766 0.333333 0.186905 
2726.009774 649.181383 2851.662521 682.672191 8.776763 0.333333 71.021246 
3556.259926 1172.963387 3583.083129 1070.878669 8.357925 0.333333 76.030756 
2777.927433 656.416708 2681.446927 632.340408 6.689174 0.333333 38.274969 
2054.050948 2249.202260 2073.274889 2253.740001 5.373735 0.166667 0.809511 
869.483370 1510.897777 938.948124 1483.300515 8.019305 0.333333 30.356258 
3627.519938 881.713299 3607.541112 956.471135 6.100374 0.333333 44.655817 
969.088040 378.931282 957.703805 418.364275 6.351482 0.333333 4.042189 
1845.996911 2188.121610 1749.013222 2159.344240 6.084143 0.333333 51.755918 
3241.374957 2353.326063 3268.231161 2253.153462 8.791599 0.333333 55.047919 
1365.037386 1026.714407 1354.719140 1064.469053 7.017510 0.333333 3.610020 
1670.188560 2138.581901 1635.836368 2129.798348 4.644780 0.333333 2.355095 
3386.610738 1816.415424 3392.379605 1797.407520 4.420787 0.166667 2.414297 
2445.879197 2616.036134 2473.147958 2624.299237 2.656401 0.333333 1.614600 
953.846461 451.386734 964.583760 412.275477 6.287505 0.333333 3.042859 
1439.422521 254.195564 1470.789782 262.502799 6.681740 0.333333 2.094371 
3096.929687 1045.422365 3042.740992 1030.797880 5.917748 0.333333 31.974490 
3128.098257 1606.511749 3122.930478 1624.675298 4.430780 0.166667 0.484056 
3318.522384 2042.889663 3312.861881 2063.397397 5.152356 0.333333 1.084311 
3408.514541 1735.394340 3432.531518 1645.800990 6.360515 0.333333 45.084276 
1442.213139 248.234823 1421.444793 242.075624 3.009677 0.166667 0.313856 
3127.165445 2776.043258 3134.806110 2747.902657 7.685367 0.333333 1.978051 
3531.869169 1238.123743 3527.011099 1260.654346 6.804564 0.083333 9.243814 
1938.144668 2216.804430 1961.285832 2223.253879 4.204390 0.166667 3.548742 
3292.578864 792.713708 3338.928466 804.832776 6.118931 0.333333 11.479028 
3596.214789 998.852181 3582.438298 1049.187052 7.119665 0.333333 16.079729 
3290.640119 2147.207322 3283.705733 2173.605898 6.239860 0.333333 1.436917 
3264.237038 2244.994056 3251.719176 2292.756554 5.295094 0.333333 28.554565 
1623.186947 355.385110 1587.651475 346.208722 5.699099 0.333333 1.123005 
3220.450277 2410.234994 3205.860760 2463.531714 7.206965 0.333333 14.072853 
1882.786417 2201.768687 1903.556467 2207.917566 3.581588 0.166667 4.486438 
1018.875514 1451.203909 1100.021623 1417.904646 7.860027 0.333333 42.479947 
1502.423122 2347.744395 1489.682058 2343.461534 4.039254 0.166667 1.626771 
3116.535823 1647.710945 3110.489953 1670.915497 5.231277 0.166667 0.864320 
3321.679807 2058.378387 3327.199092 2035.402577 6.416626 0.166667 3.340235 
3234.710018 1197.529993 3214.428297 1271.326728 7.894366 0.333333 28.297145 
1785.063283 397.749952 1728.780993 382.872103 4.445168 0.333333 24.071373 
2573.513773 2646.732539 2459.895566 2615.010498 7.401805 0.333333 62.500192 
3214.241553 1271.511421 3183.725868 1387.625895 6.911778 0.333333 62.122353 
3447.367138 1589.516527 3456.526776 1557.665388 7.089947 0.333333 2.243974 
2182.231846 1465.075242 2189.460123 1436.896836 4.182808 0.166667 0.971717 
2775.392747 2095.122527 2806.293537 2104.723256 4.566106 0.333333 2.345322 
1280.713071 984.046160 1132.776686 944.425542 5.753321 0.333333 47.670133 
2291.372510 2314.247757 2357.765618 2333.138105 7.781966 0.333333 33.636927 
1664.132829 2018.932974 1656.517793 2044.639472 5.325561 0.166667 2.620054 
3376.287925 1832.255431 3361.810340 1883.652585 9.896396 0.333333 18.390905 
1539.956547 1557.459477 1588.601973 1508.599883 5.412008 0.333333 30.339012 
1758.611018 340.056004 1797.272829 350.386065 5.872104 0.333333 10.275015 
2376.508422 558.315248 2392.964946 562.503835 3.912185 0.166667 2.960484 
1472.770014 1980.342710 1317.817711 1780.863697 6.857313 0.333333 119.641651 
1470.515441 323.538926 1610.075589 360.478098 5.223416 0.333333 61.883164 
930.730733 520.652968 919.488373 563.154989 5.870759 0.333333 10.346867 
2424.381738 1136.850199 2275.104372 1096.291171 5.821908 0.333333 59.626107 
1927.494260 380.430727 1876.631018 366.516899 7.585954 0.333333 11.780665 
3308.665316 2079.519153 3290.462251 2147.748087 6.847790 0.333333 27.837222 
2683.263734 2690.158816 2702.685243 2694.919148 6.670973 0.166667 1.013195 
2646.774360 2060.998462 2748.392481 2088.382416 4.851151 0.333333 22.954044 
2362.770747 858.152795 2341.428399 852.235898 5.414684 0.166667 4.256703 
2482.604285 2626.269404 2513.895256 2634.870350 4.038685 0.333333 3.884919 
3489.979543 1394.230499 3485.950451 1412.227701 3.805021 0.166667 5.784226 
3166.175184 2631.345408 3212.096683 2462.274726 7.773975 0.333333 120.822441 
1656.088601 2044.789062 1646.119461 2086.046518 4.991052 0.333333 13.455662 
2747.916596 957.788381 2699.410183 946.720801 7.844220 0.333333 7.483462 
1390.324021 301.767978 1417.334356 308.880580 4.770721 0.166667 10.300680 
1319.241176 1781.743166 1539.464989 1558.195062 6.763036 0.333333 148.238580 
1598.158154 296.749405 1620.426310 302.627680 7.435500 0.166667 1.489147 
2846.036889 2255.491279 2823.782120 2248.866750 4.407635 0.166667 10.255064 
2960.006512 2762.904307 3055.441690 2788.800552 9.566276 0.333333 44.393833 
3523.477020 1272.881790 3515.769057 1301.341120 7.038017 0.333333 2.583678 
913.168384 586.321358 902.370239 625.760592 6.487090 0.333333 9.415288 
2209.683549 509.453444 2151.295347 494.075937 6.113330 0.333333 21.414893 
3391.829462 1797.107926 3408.292731 1735.669946 7.007639 0.333333 20.837189 
1669.190986 316.334294 1722.026378 330.041503 6.403621 0.333333 18.446915 
2362.859948 2334.125822 2380.450374 2338.784379 4.821760 0.333333 3.278089 
3146.521955 2704.279244 3166.209135 2631.694397 7.036670 0.333333 37.964020 
3369.464148 1880.649218 3386.794929 1816.853248 6.610628 0.333333 30.426316 
2369.312798 865.870236 2426.911855 880.479698 9.025493 0.333333 21.507848 
3471.432536 1504.542337 3475.612157 1484.372339 3.755894 0.333333 2.534094 
2189.842221 1437.330661 2203.843312 1384.565602 5.572013 0.333333 8.440097 
2908.024398 994.782118 2890.949266 990.562746 4.882091 0.166667 0.022632 
582.490516 1609.934639 575.300321 1633.902609 4.710119 0.333333 2.074265 
1328.716638 1803.642681 1412.470451 1910.156787 6.474910 0.333333 93.084294 
1675.842581 1971.002351 1664.515824 2015.054020 4.912269 0.333333 2.685746 
3536.891824 853.070432 3517.657793 847.140377 2.534782 0.166667 2.492254 
1755.575308 2167.068466 1773.498201 2171.672028 6.285877 0.333333 1.035920 
1837.938339 361.333185 1915.641118 381.813848 5.725002 0.333333 29.857889 
2019.004960 409.513196 2077.045693 424.984650 5.713373 0.333333 13.643467 
2190.219256 1439.645451 2240.943466 1453.181606 6.123584 0.333333 6.005035 
2680.877372 632.264803 2655.157381 624.718854 4.525172 0.333333 2.896524 
2750.033641 965.320072 2787.912285 975.524690 5.904637 0.333333 1.885740 
3329.854617 2003.260452 3319.307622 2040.605971 8.181343 0.333333 9.698194 
942.799632 493.035748 950.977930 463.221813 4.813691 0.333333 5.042313 
1495.160598 262.363574 1453.852895 251.329594 6.749840 0.333333 11.605737 
2077.322322 425.155333 2129.540585 438.738433 6.531137 0.333333 1.378813 
2823.261605 2248.886568 2658.745769 2202.874827 7.448169 0.333333 95.582053 
3251.645050 2293.056316 3247.019736 2308.541595 3.955111 0.166667 7.689984 
1904.117067 2207.778505 1923.763827 2213.387277 4.807916 0.166667 6.221676 
1214.217925 193.729434 1272.036181 208.754768 6.944498 0.333333 15.993449 
2513.283884 587.515716 2490.995671 581.703566 4.311605 0.083333 13.391479 
2387.176891 2600.726318 2416.467792 2608.424409 5.788967 0.166667 1.997069 
3591.922557 867.955448 3537.358542 852.651051 4.726104 0.333333 11.340788 
943.127169 474.043043 930.955766 519.795527 5.974075 0.333333 19.685753 
2541.703579 2642.510595 2791.722376 2709.940901 3.741161 0.333333 67.276099 
3619.961047 929.523971 3629.521799 891.912316 6.426322 0.333333 18.249511 
1413.605860 1910.562723 1444.725753 1951.609072 6.041558 0.333333 14.566376 
1544.654582 1547.138306 1488.693757 1603.701006 6.503853 0.333333 20.249887 
1796.413509 349.810934 1837.445044 361.042496 6.661684 0.333333 4.552431 
1373.287819 1720.785488 1311.857769 1783.108016 6.206146 0.333333 36.062650 
2658.181897 2202.913164 2462.837403 2150.445770 7.333048 0.333333 108.072481 
3327.464406 2035.513711 3332.716726 2021.263784 4.104896 0.166667 0.862288 
2416.696514 2608.777924 2445.355148 2616.612155 5.473819 0.166667 0.457022 
2459.562523 2614.907297 2440.482102 2609.921908 5.894749 0.166667 6.154145 
624.245692 1475.593296 629.733036 1453.212785 3.570207 0.333333 6.113427 
2875.870943 2263.522581 2846.666828 2255.096508 4.595353 0.333333 6.638097 
3394.139991 1765.319625 3376.272137 1831.806695 10.056909 0.333333 23.942102 
2407.066662 559.905641 2339.065215 541.787705 7.736213 0.333333 30.945685 
3082.309943 2796.273383 3120.424967 2805.226571 9.310347 0.333333 5.370551 
615.883497 1505.359147 623.807120 1475.807898 7.331678 0.166667 0.258659 
1311.530848 1221.199077 1291.950943 1294.728083 9.919928 0.333333 28.453593 
1587.808799 1509.027191 1607.458664 1488.688908 4.646977 0.333333 0.481558 
2253.705257 2556.103801 2237.697974 2551.508346 4.143875 0.166667 2.297047 
2249.159441 1455.170717 2302.486681 1469.617036 4.902655 0.333333 13.702021 
3232.791043 776.998307 3256.362999 782.730467 4.559675 0.333333 11.041000 
3546.606903 1211.810109 3554.453081 1179.393899 6.918125 0.333333 13.956557 
2126.494025 492.144944 2160.312543 500.621582 4.555526 0.333333 2.201458 
3340.098688 1960.825055 3334.784953 1980.047232 5.230454 0.333333 3.243744 
1488.080433 1604.322466 1447.584384 1645.087957 6.336617 0.333333 19.361905 
998.836947 1035.486473 980.010457 1108.610430 6.567575 0.333333 9.332453 
1316.231639 1787.362315 1322.867568 1796.123178 4.504673 0.166667 0.176827 
1562.095656 287.306746 1596.608383 296.613690 5.437838 0.333333 12.241063 
599.395015 1571.591693 607.912253 1534.613915 7.869772 0.333333 3.836089 
1605.240242 1485.193834 1545.260778 1546.518769 6.314245 0.333333 41.988574 
3424.206776 1652.840870 3409.533391 1707.254790 9.750032 0.333333 16.030180 
3607.470885 957.605952 3602.108084 977.279278 4.328948 0.333333 0.091392 
979.274295 1460.787074 961.339528 1468.530038 5.533306 0.333333 6.266198 
1915.931689 381.981970 2018.744055 409.567782 6.272954 0.333333 37.848612 
1165.075472 180.462857 1198.485771 189.253891 5.853104 0.166667 5.092272 
1982.257239 2229.188178 2012.758872 2237.302560 3.302229 0.166667 8.337424 
2806.847505 2104.475212 2883.181485 2125.419130 5.887921 0.333333 20.998687 
3110.961014 1671.537311 3104.544491 1691.483743 6.798457 0.166667 1.183210 
3214.631447 2453.193093 3223.268924 2420.663215 7.398864 0.333333 10.607703 
3233.747093 2381.154778 3241.551534 2353.575995 8.101966 0.333333 5.884914 
3270.017045 2246.147612 3289.720056 2174.815579 8.320173 0.333333 37.067691 
1620.646834 303.042724 1668.978607 315.868716 6.435826 0.333333 18.307230 
1745.576281 1575.808580 1610.781159 1540.036566 5.571610 0.333333 52.713497 
1886.862928 2461.922465 1916.831866 2469.544595 3.543037 0.333333 1.497006 
2042.793739 469.236979 2061.261452 474.738557 2.662218 0.166667 0.176827 
2445.302045 569.352901 2421.243707 563.025232 5.027643 0.166667 9.968835 
3195.637901 1076.827984 3240.357757 1089.098931 6.879761 0.333333 12.473657 
766.182541 2151.119089 704.487300 2133.970967 5.610383 0.333333 12.023278 
1647.683831 2096.765131 1653.984236 2071.466384 5.474580 0.166667 1.738857 
3482.763876 1423.039142 3476.107357 1451.036872 5.791378 0.333333 9.479285 
2324.620100 538.406318 2210.283100 509.476253 8.306749 0.333333 59.526501 
3146.249496 1062.859743 3159.952305 1068.507205 5.332398 0.166667 1.464203 
2282.872067 2565.262154 2253.976202 2557.023769 5.501272 0.166667 3.756737 
3184.734517 1386.046697 3174.139405 1426.485771 8.981824 0.333333 11.245941 
3497.732365 1404.822867 3500.998545 1389.454388 3.614881 0.166667 0.132486 
2921.058891 2192.546377 2936.848099 2136.167330 7.944012 0.333333 24.822724 
1489.929214 267.395956 1510.932294 273.277683 4.097153 0.166667 3.063133 
3297.265100 2147.577344 3304.043109 2121.464396 6.770212 0.166667 11.141754 
3537.872392 1216.803389 3531.924472 1237.784666 6.855985 0.333333 2.068368 
1326.312512 1165.483163 1320.826089 1187.240906 6.276316 0.333333 8.742316 
3432.994005 1645.597478 3436.170787 1630.477046 4.817255 0.333333 1.155389 
1304.094165 217.923054 1324.004369 223.258165 3.882625 0.166667 0.810312 
3309.116961 2103.588716 3316.507799 2077.663956 7.544787 0.333333 4.184758 
3476.550028 1483.326044 3480.463794 1465.318291 5.628664 0.166667 4.993865 
603.033201 1531.851495 595.886715 1559.762074 7.236308 0.333333 2.874437 
1325.371438 222.755988 1361.838510 233.251784 6.170212 0.333333 7.445669 
1351.340717 291.362649 1388.594961 301.376641 4.737814 0.333333 9.051832 
1459.762271 1970.303218 1467.740835 1979.905582 5.605987 0.041667 6.902849 
1925.870169 2473.531349 1959.336676 2483.256876 8.638444 0.333333 3.836089 
2699.170269 946.470963 2660.278037 937.058675 7.289568 0.333333 6.496185 
3092.474396 1049.574845 3145.551714 1063.406232 6.457910 0.333333 14.907312 
2485.150863 2161.072521 2523.175747 2171.693313 4.761722 0.166667 3.282072 
454.356950 2070.692519 537.279936 2092.860252 4.292434 0.333333 13.304642 
2199.472063 1387.799468 2187.996704 1428.441714 5.024190 0.333333 11.173862 
3503.445356 1347.466620 3499.221261 1361.450989 4.830902 0.333333 0.238113 
906.450661 628.924539 918.270316 584.991501 5.293970 0.333333 9.159185 
935.682699 520.638910 942.291577 493.225429 3.745064 0.333333 5.372137 
1523.332297 269.795336 1495.390416 262.813875 6.973309 0.166667 4.313332 
1639.926134 2125.752633 1644.027036 2108.044418 3.662697 0.333333 0.493776 
2380.803021 2338.794026 2409.886491 2347.705745 5.975754 0.333333 9.242105 
2187.446696 1428.690939 2178.176886 1458.529452 5.196022 0.333333 9.308876 
2805.463346 2247.478477 2845.909516 2258.312865 2.436781 0.333333 0.096994 
617.837622 2114.160496 651.750855 2123.572327 3.947700 0.166667 1.496263 
1348.639101 2313.280158 1375.590377 2320.749922 10.507446 0.333333 0.201519 
2914.981513 699.237299 2952.848241 709.552146 6.422916 0.333333 0.465164 
966.956523 1156.565636 946.226071 1234.865087 5.507898 0.333333 25.529389 
1541.348823 274.917097 1523.886172 269.789892 4.749510 0.166667 4.105566 
3289.342894 2174.366027 3296.781545 2147.749537 7.790963 0.333333 4.677985 
3475.041836 1451.705311 3470.529972 1467.211074 4.548827 0.166667 1.764046 
703.194754 2134.116321 561.778498 2095.982874 5.113175 0.333333 41.217160 
1445.334216 1952.099377 1459.672353 1970.681017 4.948159 0.333333 3.156950 
3261.837361 1091.559616 3248.568405 1145.733604 8.621841 0.333333 15.672092 
2274.149937 531.611195 2288.303848 534.841312 4.043372 0.166667 1.542529 
3521.576587 1305.200249 3535.844991 1253.185346 8.693789 0.333333 21.266247 
1426.620313 311.499478 1447.070031 317.455354 3.445470 0.166667 0.535459 
595.926873 1560.161084 588.227278 1587.605086 7.956701 0.333333 0.246969 
1606.844504 2375.740358 1571.350960 2366.357302 5.000664 0.166667 4.398931 
1834.394701 1599.299908 1745.837246 1576.066011 5.866077 0.333333 15.703560 
3437.080244 1602.911583 3424.095487 1652.456941 10.590385 0.333333 16.006207 
2541.953391 1167.826609 2519.062891 1161.813032 2.653515 0.166667 0.229328 
1653.570959 305.265146 1635.067024 300.139221 5.412613 0.166667 2.651011 
1737.456642 328.195567 1687.882889 315.306180 7.161838 0.333333 19.924813 
2213.409826 1442.135416 2190.969909 1435.676668 2.898906 0.333333 0.961026 
2431.845714 881.989760 2492.669553 897.511433 8.251967 0.333333 25.617117 
1780.668619 340.467213 1743.262793 330.126553 7.385208 0.333333 7.250068 
2330.973222 2578.744153 2283.315567 2564.965848 7.580645 0.333333 16.417584 
401.763139 2057.359261 432.800745 2064.528740 3.657336 0.166667 0.161538 
1320.669488 1187.738930 1313.295812 1209.456233 7.704102 0.333333 0.440529 
918.471064 584.138285 930.075098 539.826318 6.305367 0.333333 6.852928 
1643.023089 2094.031274 1636.895862 2118.130304 3.577887 0.333333 0.152831 
3193.677002 766.101985 3222.339452 773.922845 3.935796 0.333333 12.419536 
920.974984 1346.625386 927.215931 1324.122875 3.056840 0.333333 0.238113 
1205.840986 184.847553 1180.182272 177.719200 3.477105 0.333333 2.282925 
3167.915633 1451.591321 3163.428137 1474.676907 6.987195 0.166667 0.446211 
1296.500399 208.682435 1277.075714 204.656563 3.617116 0.333333 1.428496 
3134.708830 2747.312218 3146.760902 2703.653375 8.013794 0.333333 12.677903 
3348.498549 1933.220148 3341.463739 1960.838638 7.644996 0.333333 4.677985 
2495.137884 1156.186594 2424.617154 1137.224424 5.488417 0.333333 8.686505 
1369.479509 1010.655069 1364.970469 1026.327041 4.081912 0.166667 0.993213 
3517.834800 1320.140455 3522.353945 1305.775676 5.846697 0.333333 1.404243 
3535.774492 1252.848860 3546.030171 1211.976666 8.491370 0.333333 22.925674 
1132.237094 944.926244 1075.872558 928.524278 6.070598 0.333333 11.397623 
3409.290001 1707.140761 3400.390994 1741.814943 9.835879 0.333333 5.049094 
1634.451187 300.360116 1605.241395 291.958706 6.878314 0.333333 3.689422 
630.640569 1429.379201 622.416646 1459.858423 6.819733 0.333333 0.314138 
2475.673834 2631.696804 2533.824792 2647.632734 5.581434 0.333333 7.544196 
2906.562054 2131.714335 2936.105711 2140.201690 5.163950 0.333333 0.152950 
3456.484977 1557.339427 3461.949784 1537.235106 4.428264 0.166667 1.932286 
2619.062179 930.468344 2651.583973 939.773282 8.068600 0.333333 2.323151 
1327.129208 995.881240 1299.217354 988.741277 2.986261 0.333333 3.731942 
1716.383951 1817.655846 1700.669227 1875.973751 5.247006 0.333333 6.333651 
623.134504 1459.934013 603.314300 1531.371145 7.756004 0.333333 29.162175 
2263.641296 1454.911481 2240.136937 1448.731146 3.028129 0.166667 1.764046 
1272.472648 209.375211 1291.956660 214.033439 4.310188 0.333333 0.965911 
1764.247255 1584.866168 1833.209012 1602.801979 6.146356 0.333333 14.525137 
1853.057504 2448.364707 1832.896160 2442.687704 4.847675 0.333333 1.526941 
1088.343904 160.854117 1109.684809 165.430174 4.324251 0.333333 1.015587 
1402.704356 237.347659 1366.765830 228.572084 6.989415 0.333333 6.923231 
1700.674027 2151.695964 1755.340028 2166.665654 8.639733 0.333333 19.467866 
3583.299522 1070.608651 3604.536732 989.683332 8.824096 0.333333 50.435516 
549.437130 2092.892309 484.089525 2075.444174 4.843024 0.333333 6.287786 
2595.710297 2664.066369 2648.015297 2678.521943 6.896020 0.333333 14.293437 
1660.351213 2047.448054 1669.269741 2010.904376 5.891012 0.333333 1.978051 
3162.768343 1474.013949 3152.400617 1513.590156 10.279791 0.333333 1.233686 
961.045158 1194.157702 973.326785 1147.255156 5.901522 0.333333 5.175576 
1376.922494 294.187806 1324.022059 280.766083 5.171863 0.333333 6.953013 
2403.691045 1493.186188 2366.817763 1483.339332 2.955718 0.333333 0.441234 
2618.455945 2196.960688 2645.872675 2204.753646 3.146797 0.333333 3.189743 
3245.586181 1157.517715 3235.168994 1197.408770 8.050009 0.333333 12.673327 
964.921342 411.704223 972.787487 379.293086 6.180109 0.333333 2.238517 
3362.611913 1884.223834 3355.117276 1906.301317 7.280574 0.333333 0.358523 
2917.316696 2128.988978 2867.474983 2115.532634 7.470109 0.333333 13.520390 
3514.655179 850.863850 3548.571990 860.261840 4.060096 0.333333 6.928205 
630.168331 1453.001273 635.387405 1433.737961 5.080631 0.333333 0.789693 
945.520173 1236.849313 937.004520 1271.600430 5.475386 0.166667 1.235288 
1346.301114 1091.393030 1327.705256 1161.764081 9.624402 0.333333 29.283211 
3085.793562 1761.255007 3043.901770 1749.865604 4.157690 0.166667 8.487839 
638.844954 1420.794062 644.800687 1395.431432 5.936746 0.166667 0.752346 
978.754262 1113.298259 972.147317 1137.294149 4.356395 0.333333 0.032648 
2672.842983 2218.057002 2690.811313 2222.344119 2.687712 0.166667 3.470103 
2752.483505 2238.450908 2784.893594 2247.522147 2.651872 0.333333 2.296470 
918.898056 1339.234106 910.724009 1366.904248 3.137895 0.333333 1.843255 
2348.464779 1481.796175 2387.236780 1491.710130 4.025589 0.166667 4.066492 
946.271348 1253.301016 951.687005 1233.414209 3.088899 0.166667 1.559625 
1275.563396 270.856345 1350.881324 290.912407 4.674263 0.333333 7.472923 
2303.374706 1469.670776 2348.245924 1481.412901 4.599874 0.333333 4.747760 
2578.234301 610.253079 2601.312575 617.035372 8.253044 0.333333 4.708300 
3507.688735 1359.017811 3518.099243 1320.378413 10.581266 0.333333 10.807386 
1688.907230 314.105055 1666.938247 307.901038 3.338327 0.166667 2.540387 
2558.462639 2654.072010 2594.881490 2663.711419 6.397759 0.333333 3.910662 
3610.511362 872.300639 3592.929668 867.606627 2.777571 0.166667 1.016929 
1469.966360 1983.955710 1486.750001 1957.591175 6.131092 0.333333 0.268945 
2186.185376 2284.301705 2204.678477 2289.557100 5.916734 0.333333 1.084311 
2654.331419 2675.790310 2596.870549 2660.641883 2.178408 0.333333 8.058262 
2177.992723 1458.707096 2171.503746 1484.280800 5.077061 0.333333 0.044092 
1277.179319 203.280807 1256.356438 197.489518 3.340278 0.166667 3.686288 
3462.221871 1506.009466 3456.759090 1528.698999 8.089785 0.333333 1.777783 
2386.761375 2607.287392 2424.496408 2617.684359 4.320396 0.333333 3.095672 
3447.673459 1562.078042 3437.360375 1602.634156 10.103603 0.333333 5.649003 
1462.932857 316.363783 1377.532591 294.152784 7.280463 0.333333 20.340875 
1499.120269 1940.006896 1515.666835 1913.945185 4.790529 0.083333 7.166587 
1105.710670 951.578916 1142.497673 962.222976 3.541242 0.333333 1.490855 
1647.665215 371.065032 1674.639300 378.403513 3.689952 0.166667 6.474845 
1722.876189 1734.079438 1663.642991 1718.637992 4.362804 0.333333 10.119767 
3038.408613 1748.272310 2952.651618 1726.215514 4.119988 0.333333 18.805561 
1170.730653 1018.985439 1229.876355 1035.026422 4.293760 0.333333 11.513632 
1857.080246 359.502856 1831.562148 354.835457 5.642810 0.166667 0.577375 
2910.453901 1717.495421 2963.407944 1732.099018 4.114983 0.333333 4.550125 
1447.462785 317.157017 1470.033926 323.138572 4.093914 0.166667 1.214398 
344.377150 2040.617545 391.890064 2054.322777 3.901757 0.166667 0.977658 
1249.863551 981.065285 1276.022593 987.839719 3.686586 0.166667 0.386870 
2806.880958 664.354905 2778.536968 655.951667 7.371156 0.333333 3.855794 
2851.689976 2734.031832 2878.921736 2741.117094 9.677792 0.333333 3.307427 
1590.990795 1532.237622 1566.100168 1557.346047 3.612504 0.333333 2.036940 
2167.224295 449.276448 2213.904066 461.367195 6.276498 0.333333 2.604377 
3549.003958 860.781573 3585.118058 870.308158 4.605911 0.333333 0.206015 
3487.859882 1437.729682 3496.808226 1403.433722 6.888660 0.333333 12.391932 
3120.961436 746.795318 3165.334633 758.022606 5.679265 0.333333 9.201887 
1335.880498 1004.549180 1367.769350 1012.122523 4.575860 0.333333 0.560820 
1482.067768 1955.305992 1470.016328 1973.982235 6.116826 0.333333 0.429491 
2637.205395 2208.134990 2672.373177 2217.505285 3.324418 0.333333 2.484938 
3025.954197 1748.111703 3082.848141 1762.937450 4.105574 0.333333 3.205496 
951.070969 1232.916314 961.046008 1194.484273 5.772239 0.333333 0.228966 
2794.422923 2710.449729 2859.353618 2728.203201 2.722735 0.333333 3.162518 
2073.380353 2514.534920 2116.304378 2525.454392 8.947329 0.333333 9.290074 
2963.744847 1731.970612 3025.673778 1747.935789 4.104335 0.333333 4.042189 
1988.511225 396.614847 1951.718277 387.508196 6.679661 0.333333 1.431063 
1256.491265 1042.190999 1284.745163 1049.114388 4.309479 0.166667 2.947257 
2365.965491 1483.102806 2320.851565 1471.028475 4.915207 0.333333 1.232872 
2607.080215 1186.079732 2589.463070 1181.533704 2.615478 0.166667 1.016929 
304.215763 2029.921389 343.289954 2041.308994 3.104432 0.166667 5.276950 
2255.571778 2304.051194 2276.147667 2310.095855 8.747557 0.333333 1.427293 
2933.395269 1720.923675 2904.163623 1712.619027 3.679065 0.166667 0.511883 
1047.585249 986.125467 1073.230433 994.033070 2.813475 0.166667 1.326850 
3055.651768 2788.642059 3081.747077 2796.074158 8.750099 0.166667 8.922356 
528.074598 1624.567546 569.741585 1635.474573 3.887396 0.166667 7.214479 
483.692736 2075.514633 452.818179 2066.699641 3.733765 0.333333 0.834955 
2814.978838 2102.177464 2786.215812 2094.273968 7.085265 0.166667 1.790489 
1093.114057 998.165129 1122.094988 1006.068303 3.902718 0.166667 0.394544 
381.118562 2048.295902 345.921632 2038.327625 4.289329 0.166667 5.942196 
1289.371366 990.637193 1316.217307 998.637428 4.001814 0.333333 0.032648 
1941.880747 1631.938718 1944.424123 1581.814066 2.512077 0.166667 4.282646 
3174.221528 1432.233779 3167.954599 1451.387235 6.008698 0.333333 2.896524 
3503.361387 1379.447278 3509.274371 1360.108631 5.440361 0.166667 0.649216 
2713.338461 1658.663625 2681.916992 1649.235057 2.341782 0.333333 3.300387 
637.531446 1403.565308 631.649228 1429.034160 6.085010 0.333333 2.201458 
2116.085932 2526.158718 2141.024424 2532.645199 7.749812 0.333333 0.140904 
345.464719 2038.702490 294.014834 2024.422671 4.488556 0.333333 4.290253 
2221.054071 2562.798091 2262.310664 2574.023861 3.725049 0.333333 2.201458 
2729.183151 2232.510148 2750.732467 2239.019212 2.925824 0.333333 0.493776 
1713.607507 387.802718 1735.923833 394.651233 3.883078 0.166667 0.399575 
930.732669 1309.403577 945.584428 1253.445995 5.548482 0.333333 9.632598 
2160.894596 1534.111334 2173.481923 1487.307159 4.919867 0.333333 0.502724 
2567.906851 1180.276260 2597.961388 1187.550944 2.692374 0.333333 0.516746 
1143.650406 169.707320 1114.292694 162.196719 7.040911 0.333333 0.009843 
3035.427328 1741.376427 3080.282705 1753.176194 4.983848 0.333333 2.943273 
989.203643 1089.027131 998.428009 1051.337299 5.968720 0.166667 3.337975 
1323.479458 280.483168 1276.757952 268.584606 2.353360 0.333333 8.049646 
650.283463 1380.199223 656.379806 1357.411337 4.135768 0.333333 1.881447 
3084.664610 1750.799673 3036.610373 1737.857565 4.361514 0.333333 1.716707 
1663.324822 1718.695725 1640.247827 1711.907158 3.668552 0.166667 3.573140 
894.750364 1427.640142 888.142920 1456.593830 2.443459 0.333333 3.864659 
489.198339 1611.259513 454.132376 1601.496429 2.850697 0.333333 0.511999 
1550.256784 1578.987649 1576.497696 1554.043048 3.125756 0.333333 3.021452 
207.169327 2004.498403 253.521318 2016.608011 4.161943 0.166667 0.525005 
2838.955593 2262.099402 2867.357556 2270.178602 2.640654 0.333333 0.113905 
267.145915 2019.747364 304.554102 2031.294795 4.232242 0.333333 0.799133 
1006.962374 1019.762710 1014.423352 994.026638 3.850201 0.166667 0.596701 
3377.151080 820.942867 3419.627203 833.523482 2.391380 0.333333 1.633531 
2408.107686 1576.936340 2376.549313 1568.028882 2.019445 0.333333 0.493776 
