996.723382 1461.682383 1253.079646 1498.441300 6.260562 0.333333 139.642131 
1252.251119 1920.748882 1374.805617 1887.197952 5.523888 0.333333 65.665325 
1246.166747 1916.799072 1281.400631 2168.191485 6.232098 0.333333 132.626118 
1588.482617 1828.139909 1632.266892 1815.761139 6.536962 0.333333 18.464521 
1254.638067 1493.760448 998.201867 1457.580185 6.537970 0.333333 158.758278 
1545.841463 1840.110892 1583.062440 1829.162320 6.277908 0.333333 6.838837 
1407.886526 1878.354324 1426.496769 1874.006163 2.801813 0.166667 2.913499 
2212.698891 2962.301309 2163.954678 2913.545219 5.307608 0.333333 37.628993 
1460.585512 1857.982197 1405.639110 1873.176028 6.795021 0.333333 19.917479 
1662.894455 2694.635702 1559.420213 2588.007170 6.231486 0.333333 76.559442 
1426.475010 1872.934378 1462.708292 1862.874167 5.551808 0.333333 9.180298 
2535.203890 1077.292614 2387.859833 929.639612 5.508797 0.333333 139.808429 
2872.889275 2694.136934 3166.827301 2403.089240 6.916413 0.333333 223.288439 
1278.023622 2109.561339 1251.415703 1916.593612 7.517396 0.333333 112.252901 
2792.140353 1385.360962 2206.750257 800.751579 5.363459 0.333333 598.226864 
2927.946623 2632.938079 2810.913804 2750.911502 6.544440 0.333333 81.486656 
2597.837010 1619.661305 2888.092804 1909.409442 5.515274 0.333333 251.981323 
1549.556276 2932.947082 1404.674555 2785.330994 7.202959 0.333333 120.994909 
2136.883502 684.366500 2326.865624 874.384611 6.202671 0.333333 146.535693 
3062.154844 1659.097629 3097.004321 1694.257870 5.326789 0.333333 22.294036 
1538.646425 1836.552082 1517.133560 1841.704552 6.318225 0.166667 2.968634 
1572.214148 1826.808165 1539.201859 1836.270974 5.503135 0.333333 7.995115 
2627.415800 3364.915846 2755.546226 3236.796326 6.193091 0.333333 106.162750 
2876.181673 1475.062662 3037.000302 1634.261144 5.860447 0.333333 109.408818 
3386.573083 2596.458290 3369.626567 2612.237635 7.129582 0.166667 3.084667 
1911.286200 2941.214976 1664.163191 2694.584735 5.647325 0.333333 214.003990 
3359.189791 1943.311625 3256.925916 1841.823695 6.506914 0.333333 68.389065 
3636.227934 2352.487859 3702.661114 2286.408629 6.326455 0.333333 65.706964 
2766.166452 1365.080121 2875.648839 1474.353506 5.429970 0.333333 96.631398 
3196.985243 2205.515308 3104.462272 2113.037081 5.308859 0.333333 109.026067 
2207.240697 801.507923 1995.595913 590.658915 5.349906 0.333333 108.268452 
3251.178660 2267.465532 3265.816019 2282.944366 6.973404 0.166667 2.152098 
1284.197709 2155.486237 1278.369548 2110.431668 7.875892 0.333333 16.004628 
3173.606834 1770.139201 3204.782222 1801.476331 6.226041 0.333333 19.277521 
2016.018633 2833.520426 1910.780545 2938.281254 7.279963 0.333333 98.047311 
2407.446997 3573.684170 2391.034338 3589.792082 7.070757 0.166667 3.134623 
2538.950470 3452.701899 2570.151899 3421.395075 7.118748 0.333333 16.101361 
3259.398620 2733.153414 3276.869172 2715.614309 7.067593 0.333333 0.604617 
1764.134448 2799.561758 1779.500949 2815.503597 4.359860 0.166667 0.475225 
772.027171 2146.722977 537.636244 1912.363654 5.312002 0.333333 216.068736 
783.914085 1329.029094 799.663792 1312.144379 5.025613 0.166667 1.739117 
1056.646373 2430.857665 852.615523 2227.382455 7.051778 0.333333 164.979359 
2586.922100 3395.651581 2571.775007 3410.544624 8.111636 0.333333 0.678608 
2751.082546 1767.667070 2728.588003 1745.161616 4.422632 0.333333 1.792391 
3116.826424 2868.068969 3042.862368 2941.610860 8.109230 0.333333 43.683937 
2571.057233 3421.078664 2599.676132 3392.160056 6.320617 0.333333 12.919989 
2755.575670 3236.827025 3098.523160 2893.521441 6.370288 0.333333 346.691452 
3099.324651 2893.095988 3137.771980 2854.007261 6.355136 0.333333 20.184589 
1779.703190 3164.053595 1550.191631 2933.551132 6.082453 0.333333 189.528295 
1413.444084 2097.512667 1287.463285 2160.552610 5.049265 0.333333 50.207858 
2360.096218 901.154021 1916.941383 458.058776 6.228607 0.333333 379.682278 
1983.910430 583.590675 2767.287490 1366.463050 6.268355 0.333333 541.722989 
2209.148226 2074.617409 2185.892172 2051.604999 5.349771 0.166667 11.112884 
2534.757746 1905.242993 2423.460375 1794.040404 5.359779 0.333333 67.856516 
1375.316368 1886.998058 1407.888990 1878.077487 6.903456 0.333333 2.625042 
3166.782352 2825.540411 3237.037440 2755.771162 6.478490 0.333333 64.423533 
3083.415074 2478.410827 3047.082464 2514.583382 7.156902 0.333333 16.637711 
2096.107348 643.890221 2114.872241 662.628815 5.315696 0.333333 1.257374 
2784.294825 2783.044584 2873.179431 2694.425844 6.074647 0.333333 60.262371 
1619.033057 1229.421767 1630.480279 1243.474661 4.916430 0.166667 1.150957 
2390.643693 3590.643938 2357.292122 3623.563976 5.498871 0.333333 21.114456 
2669.293794 1685.709348 2601.881392 1618.115265 5.388937 0.333333 32.366801 
3515.669685 2099.325424 3361.630369 1945.865833 5.486593 0.333333 129.463799 
1463.189131 1863.343977 1503.738142 1851.468602 6.083660 0.333333 6.658851 
2163.380940 2912.874473 2051.829696 2801.927357 5.298481 0.333333 74.700235 
3278.804225 2713.822057 3332.817671 2660.303277 6.394484 0.333333 25.549240 
1540.439554 2929.542314 1567.779451 2957.231974 7.284400 0.333333 2.946067 
380.902341 1760.350801 570.706531 1950.546207 5.541711 0.333333 92.236617 
730.832745 2111.666681 755.826543 2136.674257 4.576426 0.333333 13.106214 
1963.227904 3350.536924 1943.325012 3330.413480 6.289367 0.083333 6.785249 
3034.790094 2527.278066 2944.124065 2616.656466 7.007676 0.333333 60.091307 
2602.964901 3389.233649 2626.571523 3365.308939 6.323090 0.333333 3.192002 
3656.383129 2325.132223 3575.111034 2406.362067 7.095427 0.333333 79.525377 
1664.887912 1287.382569 1633.795870 1318.801903 6.219493 0.333333 9.256283 
3271.528644 2286.559646 3228.836683 2330.097138 6.108888 0.333333 28.236983 
691.908807 1420.659021 719.495331 1393.246093 6.234580 0.333333 5.388786 
1641.620527 1808.376654 1601.368208 1818.636762 5.343994 0.333333 9.676753 
3645.130038 2228.621461 3515.881852 2099.116176 5.422738 0.333333 130.874612 
621.883951 2001.866100 730.321440 2110.926825 6.554406 0.333333 56.445704 
1572.749153 1184.751901 1618.346237 1230.404029 6.217574 0.333333 22.006641 
1624.716530 2661.533023 1639.713142 2676.537024 6.186096 0.166667 1.589077 
3279.061982 2287.189714 3196.961297 2205.531463 5.479995 0.333333 101.263558 
852.080286 2226.674198 772.531656 2147.465525 5.450920 0.333333 92.807936 
1522.964466 2549.531753 1356.219679 2378.764886 5.829543 0.333333 131.041816 
1424.397489 2813.068088 1446.625598 2835.937515 6.969808 0.333333 1.327531 
2888.716725 1910.030388 3015.276295 2035.975407 6.146293 0.333333 84.765276 
780.143020 2161.084208 790.305468 2170.954006 6.276903 0.166667 2.255507 
1600.048856 1254.954058 1571.980873 1226.764179 4.490267 0.333333 8.338244 
1583.606419 1376.109127 1678.057553 1281.805493 7.133229 0.333333 89.245764 
787.480226 1317.480102 711.227615 1393.727736 7.073721 0.333333 48.283844 
1405.295167 1873.209223 1349.612255 1888.963565 7.281359 0.333333 21.199969 
1871.035222 3257.721661 1805.339959 3190.905258 5.632143 0.333333 37.568491 
2032.936897 3420.812270 1995.517540 3383.226448 6.271521 0.333333 11.680899 
1208.153941 2583.100236 1188.182625 2563.063481 6.220428 0.333333 10.334440 
1954.813423 2903.591246 2002.013832 2855.745087 8.224993 0.333333 23.282605 
3103.830539 2112.435616 3043.551617 2052.694542 5.509216 0.333333 41.640335 
2160.317549 3552.261901 2143.514931 3533.912572 6.297765 0.166667 7.134377 
2551.003134 3430.995642 2508.311365 3473.323707 7.108814 0.333333 41.342257 
1187.716770 2562.285468 1055.391703 2429.607677 7.101650 0.333333 107.516970 
1547.461778 2573.806685 1538.834184 2564.898799 4.847140 0.166667 1.243247 
1916.082608 457.669350 1823.468611 365.283629 5.451624 0.333333 61.761038 
571.242183 1951.256226 621.182324 2001.322219 6.210538 0.333333 15.152158 
736.443733 1375.165305 754.524856 1358.202337 5.817596 0.333333 5.549076 
1791.088719 2010.163386 1695.333566 1914.663868 5.331650 0.333333 47.837194 
1608.375283 1832.873931 1788.030194 2011.966177 5.636006 0.333333 125.932369 
2039.735268 2809.680062 2019.435475 2829.469286 6.220451 0.333333 4.528145 
2602.491241 1150.007143 2646.186928 1193.814505 4.461151 0.333333 12.826791 
3138.424191 2853.435310 3167.735377 2825.174440 7.421587 0.333333 9.492657 
1292.811268 1905.188823 1247.213152 1918.071852 6.667500 0.333333 12.258151 
2123.059086 3514.439095 2088.555569 3478.956314 6.297875 0.333333 20.349853 
3566.685469 2422.937416 3636.947146 2351.946405 7.290032 0.333333 69.381590 
1472.460022 2505.015649 1493.329663 2526.677825 8.200581 0.333333 3.452978 
1461.631182 1497.878922 1584.063054 1376.571751 7.542936 0.333333 94.426322 
1523.542903 2557.576763 1536.951890 2571.881170 6.843519 0.083333 0.827567 
1666.287132 2702.468375 1702.705350 2738.548581 4.654261 0.333333 27.940767 
1381.045372 2770.044920 1391.972482 2781.880999 3.576457 0.083333 0.661259 
1650.972130 3041.396455 1659.165696 3050.985781 5.289697 0.166667 0.098659 
2346.354450 3097.483090 2332.839399 3083.342690 5.261983 0.083333 4.149118 
3016.101371 2036.393883 3051.001011 2071.508965 7.103672 0.333333 13.157160 
1809.558726 2845.412833 1819.680757 2855.337974 4.105128 0.166667 6.588631 
1919.305170 2940.694051 1928.851505 2930.025057 7.893702 0.166667 2.121600 
2890.897793 1484.102431 2792.812360 1385.936356 5.322187 0.333333 71.636613 
1702.265682 2737.740240 1723.588397 2758.917024 5.370039 0.333333 1.883227 
2345.931218 894.046647 2357.559494 904.891026 3.865199 0.083333 0.288725 
2363.624110 3133.624476 2439.902508 3057.401978 6.215372 0.333333 63.018259 
2727.870566 1744.640006 2681.237148 1697.506079 4.565609 0.333333 29.325720 
1879.487281 2915.434641 1901.245999 2938.796619 6.627191 0.333333 4.860478 
2487.438228 3493.685969 2407.930001 3572.933472 7.152348 0.333333 74.241605 
3097.755820 1694.743851 3172.722950 1769.777805 6.224592 0.333333 45.962558 
1470.973231 1080.299594 1484.282981 1094.542918 6.490870 0.333333 0.163327 
3166.498962 2402.752872 3229.920488 2338.664815 6.200961 0.333333 38.542377 
1659.850792 3051.312865 1691.938088 3081.871294 7.543387 0.333333 4.721005 
3207.909338 1804.564433 3225.673200 1821.888973 7.070514 0.333333 0.604617 
1559.577770 2594.186300 1583.691369 2620.097932 5.617364 0.333333 10.784673 
1640.622976 2676.876911 1657.083879 2694.318421 6.863671 0.083333 2.444013 
1923.052113 470.702875 2015.098493 562.403492 4.643945 0.333333 82.733569 
2327.068018 874.172396 2346.368530 893.649549 5.383771 0.333333 0.124450 
2440.628057 3056.878064 2470.658532 3026.908600 5.314083 0.333333 21.585090 
2602.882346 3380.271721 2587.273765 3394.803318 6.656686 0.166667 0.558767 
2840.505111 1856.995623 2795.368042 1812.133533 3.724557 0.333333 30.097092 
3037.581857 1634.916555 3061.359885 1658.641272 6.217932 0.166667 18.372085 
3374.416718 2618.167947 3394.721024 2598.444406 7.147261 0.333333 1.233478 
3559.362493 2421.828949 3522.101916 2459.598856 7.094905 0.333333 28.243364 
537.440949 1912.556504 466.946738 1841.798876 4.582595 0.333333 34.050418 
755.128274 1357.640465 783.492389 1329.728104 4.681792 0.333333 10.954503 
1538.666295 2565.125656 1523.816838 2549.920090 5.344817 0.333333 1.346299 
1995.008352 3382.498811 1963.930024 3351.064943 6.373085 0.333333 9.256283 
2243.045940 2993.210098 2213.117248 2963.126266 6.262567 0.333333 4.351603 
2359.837702 3621.089055 2303.011108 3678.013451 6.251778 0.333333 38.888609 
2357.556332 904.938306 2393.645587 941.371109 6.208050 0.333333 11.814851 
2421.526198 1797.221393 2561.089528 1936.412572 5.435459 0.333333 75.126502 
2394.280873 941.969006 2479.852239 1027.649971 5.331583 0.333333 62.766487 
2479.972632 1027.524843 2549.216452 1097.037774 4.551405 0.333333 53.343969 
3047.436532 2513.623337 3035.583813 2526.979124 4.768966 0.333333 1.532424 
3070.621077 1663.128855 3040.887722 1632.866867 4.193400 0.333333 2.393581 
1483.987682 1086.021016 1454.140440 1055.869798 6.245320 0.333333 3.974393 
1521.415596 1124.947229 1499.469454 1101.716655 6.565816 0.333333 0.730074 
3039.007014 1631.038113 3032.341781 1625.100975 3.325724 0.041667 0.066449 
815.742494 1297.031847 842.769519 1269.031872 5.208717 0.333333 9.849973 
1336.760093 2724.289921 1354.926770 2743.961027 7.141016 0.333333 3.308039 
2018.133354 565.609044 2058.260992 605.495737 5.420387 0.333333 18.544983 
2058.901451 606.091834 2099.083725 645.929604 6.213764 0.333333 13.452997 
2563.760333 3418.721347 2551.978375 3430.752086 5.519153 0.166667 2.332780 
3226.086643 1822.646921 3253.729419 1850.026780 5.421497 0.333333 13.531938 
3249.863006 2314.863741 3277.982981 2286.733490 6.187023 0.333333 8.321711 
1497.703655 2531.030631 1521.040545 2555.271571 8.803655 0.333333 6.127431 
2647.519255 1189.981428 2534.453924 1076.796160 5.374520 0.333333 69.534707 
3016.432408 1608.583235 3000.529829 1593.223535 3.004223 0.333333 0.206579 
1645.646674 1300.589240 1600.907667 1255.331240 5.507096 0.333333 13.237447 
2142.287452 3533.995022 2127.828179 3518.300035 5.588381 0.166667 7.098839 
2611.777487 3369.257530 2600.202473 3378.865995 2.992606 0.083333 0.364438 
2809.823906 2751.066226 2789.362341 2771.883942 7.223319 0.166667 3.964209 
2992.787893 1585.962968 2909.556173 1502.943364 3.670858 0.333333 74.520574 
1455.290762 2844.786757 1463.623527 2851.550761 4.024898 0.083333 2.320365 
1486.301348 2874.942479 1507.442496 2896.313611 5.370166 0.333333 0.321823 
1610.755570 2646.749942 1624.229212 2660.817399 4.323125 0.166667 5.694149 
1633.198363 1319.392937 1616.028203 1337.313669 4.701927 0.166667 1.591446 
1732.028296 2767.964180 1743.314999 2779.190685 3.698979 0.166667 0.518249 
1942.922879 3329.580254 1915.837950 3302.908749 4.575629 0.333333 7.066584 
3574.884696 2406.154596 3558.892641 2422.588405 6.589897 0.166667 5.806795 
1282.696471 2167.303128 1312.475285 2151.776282 5.731719 0.333333 3.753697 
1404.705118 2785.274357 1367.008090 2746.716988 6.635521 0.333333 30.945540 
1565.895104 1169.151517 1547.938731 1152.010659 5.753580 0.333333 1.750137 
1915.993841 3302.747968 1871.824126 3258.163780 5.344519 0.333333 21.753340 
3266.747136 1863.236236 3279.185876 1875.826927 3.831897 0.166667 4.121907 
791.130124 2171.352128 800.413078 2180.861655 4.472375 0.083333 1.129659 
1393.082875 2781.911595 1423.784801 2812.473622 7.119490 0.333333 2.919003 
1547.552625 1151.215434 1522.253334 1125.223436 6.556638 0.333333 4.224768 
1606.825572 2996.901952 1619.463806 3009.307933 4.558568 0.166667 1.802555 
1630.892310 1242.865065 1669.161642 1280.849340 6.203662 0.333333 8.857253 
3521.222731 2459.969662 3460.648676 2520.644484 6.255498 0.333333 85.029436 
3519.965294 2108.776934 3535.695927 2124.303139 4.552279 0.083333 5.785409 
2294.951361 3045.050863 2243.614971 2993.883411 5.346996 0.333333 22.643372 
1518.349026 1841.963362 1460.952963 1858.045480 7.373125 0.333333 18.148083 
1590.526715 2979.470467 1606.590731 2996.008631 3.540550 0.333333 0.198515 
1614.874318 564.882531 1636.306510 543.797159 5.288705 0.333333 2.379892 
1744.151727 2779.590865 1758.290594 2794.214900 4.612581 0.166667 3.868491 
2420.826865 3569.577806 2473.451598 3517.197293 8.039215 0.333333 37.850059 
1312.457403 2151.797164 1392.870097 2111.368004 5.658235 0.333333 19.668343 
1625.112926 1229.881066 1566.079370 1170.146628 5.952359 0.333333 40.154221 
1780.258560 2815.977224 1796.205097 2832.567409 5.232336 0.166667 4.965947 
2795.429724 1812.078077 2751.217742 1767.536642 4.540783 0.333333 20.048850 
2909.235697 1502.098859 2891.404169 1484.820869 5.302642 0.166667 0.694964 
1449.851936 1058.827695 1469.590502 1080.542895 6.222261 0.083333 0.578715 
2387.303474 928.946968 2359.192688 900.807123 5.318825 0.333333 9.942397 
3298.845578 2683.814056 3284.942718 2697.474918 4.321043 0.333333 1.978239 
1829.527481 2865.462226 1845.087312 2881.169369 6.257909 0.083333 4.772468 
3191.209263 2793.707802 3116.750740 2868.003211 7.953977 0.333333 56.910515 
2115.840028 662.913150 2137.546340 684.945107 6.206755 0.333333 1.459553 
2229.720919 3639.028281 2282.198758 3691.552636 8.863110 0.333333 24.138189 
3169.782294 2186.456593 3251.189376 2267.553689 9.031029 0.333333 70.480383 
3462.082941 2519.585701 3424.962368 2556.220162 8.042160 0.333333 19.841295 
3697.033095 2284.534133 3671.318365 2310.081125 7.169365 0.333333 8.530104 
1601.218923 1819.157399 1572.721155 1826.573054 6.511700 0.333333 2.164073 
3684.790116 2268.967691 3644.536733 2227.942801 5.202387 0.333333 14.280762 
466.197413 1841.302999 418.089981 1793.160894 4.438840 0.333333 16.548115 
2314.626239 3065.438186 2299.908611 3050.060646 6.050060 0.083333 6.661722 
1584.794434 2621.365494 1596.399339 2632.376325 4.911841 0.166667 5.465995 
2837.067803 3147.062800 2813.601612 3171.154115 9.070417 0.333333 4.790497 
1694.834825 1913.919317 1610.866424 1830.388864 5.432700 0.333333 47.416147 
2507.599892 3473.842261 2488.176713 3493.182308 6.234560 0.333333 10.151785 
2549.315924 1096.923033 2601.603167 1149.655084 5.153508 0.333333 20.492360 
3459.004097 2532.755798 3483.992934 2507.740711 7.957270 0.333333 11.780151 
2646.707793 1194.532688 2698.186584 1245.562875 4.686270 0.333333 26.223233 
3235.191110 2757.721875 3253.164606 2739.413883 6.178773 0.333333 4.044269 
1596.749725 2633.242285 1610.695770 2648.138475 6.718012 0.166667 2.063338 
2475.348650 3515.392541 2500.627561 3490.602939 7.928659 0.333333 11.707827 
3701.744591 2286.880755 3684.487078 2267.910166 5.380879 0.166667 7.803602 
1427.041524 1037.950368 1449.438954 1059.307932 5.553806 0.166667 5.346769 
1929.400418 2929.400765 1954.397232 2904.396871 7.072570 0.333333 15.733118 
2338.772093 3098.688802 2364.675134 3124.068679 3.926794 0.166667 4.477432 
2944.753259 2616.021393 2928.413769 2632.180907 5.361957 0.333333 5.242001 
832.301689 2213.928511 850.218284 2231.050589 6.989102 0.166667 5.588460 
1599.704481 579.730718 1614.682498 565.857446 4.049417 0.166667 1.449867 
1610.342534 1270.883467 1642.626426 1302.385941 5.476139 0.333333 10.560789 
3083.645618 1675.117933 3070.687803 1661.813831 4.971608 0.166667 4.248436 
1349.369292 1889.354507 1292.968915 1905.064645 7.956195 0.333333 19.967962 
2470.064150 3026.220808 2441.018342 2998.879227 7.817811 0.333333 7.330862 
1505.637969 675.637845 1561.003353 619.737778 6.505670 0.333333 25.434758 
3436.829969 2555.580208 3451.831703 2540.581446 7.956790 0.166667 2.793368 
1240.331770 2615.927404 1214.196845 2589.539461 7.224270 0.333333 12.286222 
1494.885319 1105.111964 1541.172885 1151.328199 6.213764 0.333333 26.855089 
2088.764229 3478.720433 2045.561855 3434.405168 7.070496 0.333333 26.092501 
2385.643933 2950.590602 2414.574623 2979.172944 5.196134 0.333333 5.937426 
2381.047196 3608.559002 2419.946261 3569.932644 8.088596 0.333333 19.161228 
2971.906065 1984.388410 2928.612918 1942.619280 8.964085 0.333333 26.076450 
2645.452014 2015.798287 2535.355543 1905.892753 4.426320 0.333333 52.181563 
2625.413574 3356.634639 2613.092616 3369.308694 5.220333 0.166667 3.546276 
3280.056366 1876.168215 3292.320031 1889.005740 4.680888 0.166667 1.145972 
1304.427549 2691.749461 1335.878066 2724.166760 8.516750 0.333333 13.527563 
1482.193765 1141.555432 1558.539660 1217.709295 5.345591 0.333333 31.307487 
1558.372373 1217.864349 1610.520097 1270.711959 5.220699 0.333333 23.158507 
3214.012487 1801.032186 3196.660042 1783.309341 8.113176 0.333333 0.020386 
3409.662045 2572.143148 3386.283897 2595.071357 7.053558 0.333333 8.656533 
1608.228389 2065.523712 1583.474976 2040.256730 4.700494 0.166667 5.276194 
878.772398 1226.252091 851.678250 1254.223631 6.679256 0.333333 10.155026 
1166.851404 2551.866378 1194.042079 2579.762741 10.605732 0.333333 4.991440 
1296.993838 2673.042125 1280.453882 2657.011818 8.272046 0.333333 2.312091 
2329.273801 3079.533609 2315.217311 3066.050011 5.265389 0.083333 4.459761 
2421.045142 2987.690005 2432.553325 2998.805260 3.670902 0.166667 0.544057 
1636.479910 2093.509924 1609.065408 2065.924954 4.422136 0.166667 13.490315 
2522.778694 3466.684668 2538.464664 3453.307543 5.921598 0.333333 0.163327 
1559.389039 2586.907011 1547.704242 2574.780429 6.202516 0.333333 1.026666 
1541.709724 1152.007568 1573.229454 1184.272960 6.197094 0.333333 12.651768 
1661.426173 1266.087862 1638.818500 1243.665443 6.292584 0.333333 6.796798 
2561.854366 1936.894344 2577.017884 1953.069207 4.046868 0.166667 0.519652 
3342.743085 1935.978448 3360.109568 1953.653245 8.900706 0.333333 3.482998 
1896.795547 444.441213 1918.796396 466.196010 4.364674 0.166667 6.990440 
2433.540078 2998.980660 2456.328177 3021.216454 6.175877 0.333333 2.034125 
1351.826792 2730.745526 1332.353227 2710.025113 8.088154 0.333333 1.240475 
1678.264411 1282.923494 1662.494808 1266.219956 3.710037 0.166667 4.928143 
2187.167276 2043.432175 2205.173382 2025.141514 5.513490 0.166667 0.312523 
3220.245692 2763.991317 3191.562000 2792.819853 8.803190 0.333333 11.006145 
3315.663961 1909.285282 3342.926019 1937.121438 9.133049 0.333333 11.306711 
1740.097947 3131.096946 1754.227519 3146.876365 5.629729 0.333333 2.578294 
1805.424972 3190.778182 1780.217405 3164.729043 6.287923 0.333333 13.964473 
706.098822 1398.585336 681.447079 1423.959259 7.248951 0.333333 7.986173 
3087.745103 2105.982298 3117.929951 2135.848777 9.727268 0.333333 10.490981 
1385.340195 2341.600521 1350.779935 2375.794965 4.452274 0.333333 7.022974 
1538.003159 2571.852794 1559.294745 2594.382169 8.136524 0.333333 0.458215 
2274.517762 2139.225518 2241.287953 2107.489682 4.489070 0.333333 1.920287 
2713.512480 3269.766806 2655.935085 3327.192508 9.789164 0.333333 34.412619 
803.324269 1302.035279 788.009749 1316.801857 5.355872 0.333333 4.392783 
3200.041406 2358.461178 3187.380097 2373.758455 6.886086 0.333333 1.017668 
879.979180 1232.513277 895.414444 1217.902561 3.676944 0.166667 4.854064 
2913.411641 3070.909935 2885.884010 3098.388896 8.870114 0.333333 3.845587 
1459.567392 2073.500172 1415.283656 2096.209367 2.659602 0.166667 8.266828 
1575.921075 604.691091 1592.738612 587.719416 5.179866 0.166667 1.353441 
888.453104 2270.272505 901.430807 2282.352214 4.629843 0.166667 1.802555 
1394.629957 2425.347709 1418.121391 2449.378528 9.038897 0.333333 2.894369 
1831.554979 378.435133 1861.096258 408.918303 4.942080 0.333333 4.304434 
3243.985137 1828.672358 3226.846840 1813.035813 5.459572 0.166667 9.650604 
2206.619668 2077.126634 2234.551587 2105.469076 4.606285 0.333333 3.586675 
1152.341901 1305.900045 1133.972972 1322.685034 4.095429 0.166667 0.678172 
2367.153428 3119.103408 2346.764919 3098.201686 7.202345 0.333333 2.959180 
843.675882 1268.685677 879.052184 1232.806707 6.081032 0.333333 7.760286 
2233.608062 2103.891667 2294.847229 2165.152496 4.432703 0.333333 15.972105 
3670.905523 2310.871216 3656.876487 2324.420773 8.122762 0.166667 9.057032 
3037.295856 2047.707528 3018.611791 2028.872022 7.142362 0.333333 2.670851 
2085.386271 3495.683561 2101.087071 3510.225707 6.492646 0.333333 0.874181 
1571.755209 603.004162 1547.266362 627.280715 3.443642 0.333333 7.701669 
2017.934082 2840.545077 2033.367716 2825.819297 5.194121 0.166667 1.909492 
2620.357172 2618.393906 2645.343437 2643.407625 3.185432 0.333333 0.332528 
3285.517806 2698.068129 3221.157329 2763.695308 8.201064 0.333333 45.631432 
2178.033033 2049.382147 2200.721111 2070.521849 3.089534 0.166667 4.050073 
2440.889527 2997.945972 2416.630732 2974.580803 8.003299 0.333333 0.438861 
3164.847340 1753.951847 3138.304757 1726.628982 8.965931 0.333333 9.781497 
3394.775281 2597.214313 3410.989164 2582.085915 7.674844 0.166667 1.424820 
1608.505867 1829.528026 1563.433999 1841.763282 4.273975 0.333333 3.229381 
1432.884041 2091.387782 1455.929385 2079.990466 3.185360 0.333333 0.246203 
3001.180815 2012.664048 2980.624726 1993.064296 8.878418 0.333333 6.262030 
1834.499221 3227.927770 1858.622681 3251.398250 5.510668 0.333333 2.033457 
2316.210560 3672.499490 2354.139640 3635.358137 8.560121 0.333333 9.953832 
2685.894819 2682.823664 2735.729520 2734.314034 4.782721 0.333333 8.147206 
3320.270553 2663.992496 3299.473809 2684.431819 8.161498 0.333333 9.956784 
1518.935561 1173.561231 1438.155349 1093.099478 4.637621 0.333333 32.425700 
2338.941632 2904.702368 2355.578346 2919.427710 3.808178 0.083333 0.535796 
1558.043156 1211.958470 1533.412282 1187.807191 4.358378 0.333333 8.964858 
2322.948368 2889.570133 2338.786239 2903.906361 3.509612 0.083333 0.526502 
3067.489958 2086.249515 3086.822770 2105.690900 8.021744 0.333333 5.421088 
3545.270377 2445.284641 3566.725074 2422.930827 7.686231 0.333333 12.073701 
2258.946493 2824.766434 2272.101872 2839.167756 2.180601 0.083333 3.332859 
3037.683674 2946.432606 2978.913957 3005.165244 7.971964 0.333333 50.003334 
851.160435 1253.600276 825.908267 1279.732957 6.555144 0.333333 15.970629 
3229.923031 2337.602013 3249.711437 2315.815971 7.240588 0.333333 8.432490 
1780.275936 327.217849 1830.808235 377.947336 5.313618 0.333333 11.548228 
1417.845479 2449.681274 1473.120029 2505.629911 8.024444 0.333333 47.694300 
2976.924705 3006.923935 2947.141093 3037.175660 9.086667 0.333333 9.608300 
1177.846467 1280.317080 1163.378014 1293.404709 4.760126 0.166667 1.332445 
1270.695268 1185.767663 1251.933215 1205.756351 2.465068 0.083333 4.813673 
1563.151526 2024.349473 1593.814276 2056.211672 5.965659 0.333333 3.026469 
2142.573723 2087.585036 2167.793105 2062.767491 6.279260 0.333333 1.695753 
3152.110586 2409.641272 3126.250909 2436.307599 8.946371 0.333333 9.203880 
800.624918 1311.919302 814.790947 1297.231798 4.601857 0.083333 2.400743 
1261.389124 2637.424282 1240.405642 2615.758751 7.826734 0.333333 4.701252 
1101.867521 984.382587 1074.170945 957.082015 2.563395 0.166667 1.906406 
2736.375185 2734.875195 2783.892712 2782.356706 4.429135 0.333333 12.273705 
3186.571261 2374.070038 3151.556030 2409.057745 7.970590 0.333333 15.518735 
2002.594640 2855.146958 2016.798028 2840.513558 5.572678 0.333333 0.163327 
2434.046594 3056.343757 2417.879809 3070.669569 7.262226 0.166667 0.686343 
1233.716123 1223.617422 1219.073413 1239.089581 4.052710 0.083333 0.739729 
2362.043718 2926.696519 2375.736723 2940.514286 4.447431 0.083333 2.215393 
2778.944913 2773.564819 2716.195335 2710.061435 4.572378 0.333333 16.300226 
2326.283413 3091.210044 2269.104953 3033.392060 2.990773 0.333333 5.194548 
2858.130345 3126.819018 2836.944745 3147.009772 6.183882 0.333333 2.393581 
1200.736399 1256.953766 1178.482647 1279.754037 5.517330 0.166667 1.974219 
1583.839946 2041.205114 1564.471855 2020.534249 4.618290 0.166667 2.855784 
3126.304126 2436.341143 3083.404116 2478.433457 8.130977 0.333333 27.466993 
1123.961020 1338.939978 1141.203722 1321.252080 4.723195 0.166667 2.105983 
2274.166974 2838.332724 2304.771074 2868.981316 5.331548 0.333333 1.240475 
2754.326858 3229.217124 2732.077781 3252.145878 9.575361 0.333333 3.502836 
682.038130 1421.711865 643.287546 1382.962487 3.170174 0.333333 10.924724 
2209.400387 3619.449412 2229.528526 3638.060830 8.052599 0.333333 1.695753 
1134.018050 1324.009868 1085.332519 1371.604466 4.709554 0.333333 16.101361 
3511.947051 2479.485450 3544.585536 2445.747179 8.954765 0.333333 24.476109 
1818.642218 3227.601091 1839.800025 3248.953855 2.153924 0.083333 3.932589 
369.989794 1745.010758 336.225142 1711.275423 4.428246 0.333333 0.384102 
2247.147964 3644.087964 2230.435781 3628.195093 9.250075 0.333333 0.666566 
1847.033726 3254.175246 1866.065777 3273.950795 5.370051 0.166667 0.756534 
2646.099035 2638.909093 2602.105691 2594.148265 4.243465 0.333333 5.607584 
3484.171385 2506.696894 3511.218299 2479.947119 9.717688 0.333333 11.929998 
1795.518542 3186.882556 1817.272617 3210.347515 6.149342 0.333333 0.158684 
909.118443 1202.926850 934.239203 1176.792928 4.712202 0.166667 0.383391 
1638.651336 534.901715 1623.020045 550.521768 7.070432 0.166667 0.147996 
2304.773714 2870.203920 2322.817851 2888.442184 3.739116 0.166667 5.238017 
2394.765723 3093.413980 2381.938316 3107.089418 7.922614 0.333333 0.396578 
2356.004606 3633.519126 2373.356187 3615.873182 7.234366 0.333333 1.395842 
1107.561771 2491.068549 1128.453317 2512.809510 9.949681 0.333333 9.197508 
2292.464797 3061.248752 2317.393939 3087.634712 3.293053 0.166667 1.958739 
1473.278348 2070.932517 1525.307123 2044.987545 3.955502 0.166667 5.497679 
3364.425459 2619.215141 3344.722754 2637.359937 7.330231 0.333333 3.945032 
2292.994858 2159.582943 2274.856370 2140.090231 4.194046 0.166667 2.121600 
3135.854098 2152.824582 3156.233176 2173.864440 9.650985 0.333333 6.864375 
1430.811090 2297.064846 1405.551229 2321.824969 4.657613 0.333333 0.664404 
3379.689635 1972.819912 3408.591247 2001.429511 9.027211 0.333333 16.692643 
1033.710491 916.302597 1007.194718 890.298985 2.759685 0.166667 0.278470 
2702.870508 2695.898594 2676.240357 2668.747466 3.860714 0.166667 0.208276 
2598.845496 1973.653900 2633.826919 2008.675310 5.323496 0.166667 0.388878 
1449.604535 2283.354569 1467.730919 2265.230861 3.536578 0.166667 2.255507 
2698.494426 1239.245681 2687.895254 1230.917391 2.744810 0.083333 2.972086 
2732.086630 1279.238647 2751.544407 1299.752944 4.441229 0.166667 3.750547 
418.959601 1793.547465 381.135407 1756.355911 4.784502 0.333333 4.311448 
1594.519310 2056.726338 1636.315262 2098.687455 5.348608 0.333333 4.424372 
2726.665395 1268.393068 2697.936708 1240.770766 5.163474 0.166667 1.450288 
2675.224173 2044.793693 2657.975562 2028.281099 3.102341 0.166667 0.674982 
1738.324681 1906.675798 1713.353198 1881.644355 3.810313 0.166667 1.118903 
911.819863 1193.024674 889.690872 1216.023475 4.464334 0.333333 0.362629 
2675.504097 2668.244103 2646.971359 2639.280076 3.588474 0.333333 0.124450 
2509.084838 2499.664376 2451.600164 2442.150334 5.323165 0.333333 7.845327 
1642.116072 1302.091007 1615.532490 1328.030191 2.424806 0.166667 2.595111 
1775.886651 3184.046111 1789.801910 3198.977133 2.386155 0.166667 0.582754 
2336.275826 3107.419152 2353.209764 3123.033070 3.065769 0.166667 0.770973 
643.863510 1382.383873 617.569380 1356.182589 2.555353 0.166667 0.475225 
2049.472978 3460.512947 2065.637758 3476.877671 6.403860 0.041667 3.015901 
2188.008016 3580.732939 2169.992943 3561.208185 6.359773 0.333333 3.264731 
1793.862876 336.150987 1768.465554 310.267359 5.386879 0.166667 0.169794 
2211.283056 2775.028459 2227.943221 2793.406637 3.075642 0.166667 0.882981 
2321.630742 2187.131712 2296.522218 2162.230722 3.674887 0.333333 2.748027 
1429.785993 1029.837282 1413.959602 1043.907763 4.463638 0.166667 3.546276 
2720.761717 2702.993116 2770.869773 2752.884591 2.853061 0.333333 5.160126 
2790.733610 2768.014369 2766.755059 2744.473910 4.476269 0.166667 2.463381 
2754.269998 2731.979376 2723.113694 2700.636239 4.490738 0.083333 0.224868 
1009.119106 1101.639951 1026.504949 1084.010072 3.286349 0.166667 0.975367 
