2055.395255 2426.441647 1940.823375 2442.078499 7.538482 0.333333 52.056463 
1803.112397 2053.128611 1838.629033 2177.088732 6.703584 0.333333 59.820090 
1895.979491 2383.379446 1912.310732 2440.856362 5.670379 0.333333 16.727514 
1482.288802 2483.012653 1474.358128 2542.040676 5.140896 0.333333 18.872109 
2465.487988 599.530360 2314.492363 450.506084 5.354351 0.333333 129.888997 
1843.590593 2194.819090 1869.694865 2290.877767 5.913380 0.333333 47.641454 
1001.575903 1331.688575 1016.125273 1315.997969 4.099370 0.166667 1.624398 
1869.923530 2291.167581 1895.500699 2383.159560 7.360963 0.333333 40.307414 
3575.230166 1280.991550 3611.745629 1317.022904 8.149411 0.333333 13.893108 
1985.496853 2442.285085 2011.046395 2438.386943 7.281101 0.166667 1.415120 
2721.910244 855.525149 2776.984532 909.230822 6.336608 0.333333 32.010828 
2871.042989 573.957433 2784.210981 487.037590 5.355131 0.333333 77.212659 
2719.006667 847.255156 2599.805351 726.433657 6.181077 0.333333 90.491575 
3504.768032 1211.468603 3543.684530 1250.071087 7.092492 0.333333 16.239093 
2304.271726 445.713360 2491.108588 630.151380 5.944092 0.333333 141.576521 
1838.790048 2177.594393 1843.417069 2194.294076 5.413126 0.166667 0.715734 
3558.440559 1255.314378 3531.489992 1228.505438 5.373139 0.333333 19.546673 
2525.965841 2207.215141 2389.037904 2344.037644 6.242673 0.333333 71.895329 
1734.570131 575.790620 1646.719491 665.472667 6.013621 0.333333 74.264429 
2160.408623 2411.606550 2120.506380 2417.292575 6.366940 0.333333 0.798860 
2545.122015 2542.585061 2511.375227 2574.022183 6.604102 0.333333 19.358248 
1414.670060 899.663516 1363.987251 951.495851 6.157064 0.333333 39.153875 
2810.936365 1932.197935 2702.714739 2036.542389 5.847652 0.333333 70.387500 
3106.025817 1357.215210 3093.821238 1371.593982 4.452033 0.083333 2.914470 
1307.325457 2055.169555 1326.178143 2073.815731 6.182223 0.333333 1.311121 
2736.707696 2350.455898 2545.334928 2541.586146 6.302068 0.333333 158.219848 
1744.053935 992.798683 1621.277222 1116.273535 6.219736 0.333333 79.967417 
2351.904859 63.096699 2292.564905 3.684413 5.342063 0.333333 36.513854 
2292.183068 427.181039 2265.395075 454.146589 4.515741 0.333333 15.949590 
3059.480359 1405.732005 3021.672541 1442.958423 6.824308 0.333333 17.294503 
1498.756599 822.561558 1525.895199 794.600482 7.175819 0.333333 4.566000 
3594.587711 1513.335007 3579.563321 1528.320329 7.956095 0.166667 1.435162 
3037.408046 1240.097737 3134.043113 1335.959564 6.375308 0.333333 76.509405 
1325.833444 2074.144368 1419.689409 2166.593841 6.964105 0.333333 70.249912 
2955.376544 1786.626982 2811.128551 1931.129868 5.375081 0.333333 84.019462 
3060.157815 767.231428 3080.797559 789.294195 3.867178 0.333333 6.402321 
643.543121 1684.799438 755.630312 1574.380392 5.289899 0.333333 53.825785 
2120.294047 2417.051742 2055.539692 2426.276146 6.889170 0.333333 19.409033 
1491.994966 2229.328136 1477.747356 2215.946210 4.500290 0.166667 3.406613 
633.366717 2151.643326 563.206196 2081.793443 6.295027 0.333333 34.310688 
1420.502499 2166.976930 1487.982221 2233.247578 7.646044 0.333333 43.205490 
1488.645770 2440.702042 1482.513401 2482.154366 5.633916 0.333333 7.773810 
2599.641037 725.419316 2466.362024 599.842770 6.615408 0.333333 79.536027 
1248.936639 1067.676543 1214.149262 1102.902070 6.247908 0.333333 12.268493 
2194.949606 107.452071 2085.964645 215.971465 6.332850 0.333333 79.235715 
1841.718062 901.733644 1890.208937 852.699701 7.959750 0.333333 24.027224 
2400.358525 2687.858230 2365.964177 2722.214552 1.059000 0.333333 0.220397 
900.788475 1432.046586 914.894045 1418.607779 5.992864 0.083333 6.016247 
1388.357832 2980.387161 1414.884085 3006.354967 5.208976 0.333333 9.240965 
2695.164965 2042.651167 2655.813528 2080.856675 5.938402 0.333333 19.920735 
1417.804164 2155.990967 1405.779288 2145.449009 4.787678 0.166667 2.232498 
3471.688122 1652.937777 3536.749068 1587.996532 5.326086 0.333333 29.305249 
1439.627730 2177.908841 1426.860978 2165.593698 4.179738 0.166667 4.864406 
1820.536260 2095.656241 1816.069469 2082.968522 4.638811 0.166667 0.608379 
1854.156776 2215.687170 1839.855490 2165.488113 8.212761 0.333333 12.031130 
1834.717991 2148.356298 1828.796297 2125.135047 4.760177 0.333333 0.947873 
1300.472254 2892.027493 1374.162222 2965.839492 5.374962 0.333333 53.171907 
1378.498093 2117.821664 1360.256072 2100.923840 6.824602 0.333333 1.490916 
2433.882584 144.867990 2415.120933 126.128197 6.186668 0.333333 3.398128 
2412.178387 2327.174477 2441.982582 2296.981196 5.406364 0.333333 13.974815 
976.143724 1348.610468 922.885138 1402.889648 6.886209 0.333333 43.091643 
1404.981791 2145.044115 1378.537534 2118.956821 6.337192 0.333333 9.967126 
2780.906933 2307.173738 2737.544538 2350.065596 6.307635 0.333333 31.655138 
1375.030177 2966.194660 1387.905184 2979.638397 5.607594 0.166667 2.319392 
1471.666251 2630.599632 1475.032265 2602.901065 2.243659 0.166667 0.554399 
1865.530510 2256.055842 1858.656653 2234.605194 6.760792 0.166667 2.162440 
2963.588975 1312.356444 3037.092401 1239.594617 5.590045 0.333333 41.100500 
3443.573330 1659.801660 3390.348923 1711.625249 6.952583 0.333333 31.719846 
1595.484870 724.304848 1615.018339 703.735954 5.894695 0.333333 3.020393 
1797.356950 939.850334 1744.622024 992.134918 4.635419 0.333333 34.518563 
2504.044711 214.706542 2472.814317 183.433557 6.213082 0.333333 7.834449 
2853.337250 2236.886787 2834.971069 2253.773299 6.144675 0.166667 5.980879 
3327.736319 1774.005609 3270.870377 1829.625873 5.674903 0.333333 30.937108 
2615.410756 2121.654746 2527.307232 2207.354418 5.896914 0.333333 48.138532 
3670.785182 1375.460621 3695.824127 1400.425280 7.099948 0.333333 3.463320 
818.058821 1506.808740 571.657320 1752.908585 5.342279 0.333333 135.290435 
1353.847249 2093.666088 1317.452910 2057.542754 8.103536 0.333333 20.628816 
2396.612874 2342.869144 2412.068893 2327.034355 4.365601 0.020833 9.864356 
1912.756296 822.745152 1797.859817 939.113170 6.102698 0.333333 90.120444 
2783.191921 486.800099 2727.753692 430.985371 5.291306 0.333333 38.800702 
1655.665996 1088.168261 1674.316508 1070.494216 5.586407 0.333333 5.796811 
3479.150220 1185.820289 3496.778376 1203.222877 7.161982 0.333333 0.184410 
1901.543218 2384.103734 1892.789809 2354.474025 5.702122 0.333333 8.934216 
1940.663291 2442.778994 1918.097883 2443.734820 5.469381 0.333333 4.243629 
3237.198327 945.193650 3250.184628 957.345608 4.631300 0.333333 2.686461 
922.158655 1403.402364 820.581234 1504.322812 6.413693 0.333333 55.824815 
1580.608540 733.105301 1415.197499 898.951905 5.496221 0.333333 157.230993 
2972.546463 673.682528 2952.445148 653.798618 6.709639 0.333333 2.314304 
1196.248847 1121.241139 1089.413482 1229.413007 5.961803 0.333333 75.452354 
1877.549499 437.579453 1929.815685 384.799219 10.883291 0.333333 16.456504 
2997.431071 1466.103899 2979.547633 1483.304486 4.707329 0.333333 1.327357 
3037.215432 1233.483498 3025.649228 1244.466847 5.888215 0.166667 4.060416 
525.886018 2050.364291 584.601922 2109.149827 5.337870 0.333333 38.396453 
648.595473 2171.420493 674.384691 2198.115638 5.577089 0.333333 7.180327 
1625.425149 686.682011 1581.203296 732.476361 5.611257 0.333333 25.507134 
2902.667908 604.844647 2871.924221 574.325417 6.222765 0.333333 10.952082 
3473.246102 1630.701368 3460.458566 1643.001503 4.607440 0.083333 5.331562 
3527.158368 1224.092807 3499.713025 1196.533193 6.258785 0.333333 4.661729 
1216.565045 2807.170642 1241.460766 2832.296903 5.286950 0.166667 0.159542 
1363.412084 952.147799 1249.559017 1067.068924 6.529614 0.333333 86.679468 
2414.472456 125.533379 2352.436890 63.810265 6.345603 0.333333 41.232325 
3135.149142 1329.868304 3076.216945 1271.279584 7.086537 0.333333 45.052489 
3455.499132 1153.281927 3355.617091 1055.604869 7.997893 0.333333 79.821815 
1407.760893 914.018094 1421.384578 900.119557 4.606021 0.166667 1.624398 
1646.069455 666.052918 1625.206532 687.722102 6.236330 0.333333 6.552051 
2661.651108 795.844473 2691.720822 825.785226 6.261248 0.333333 2.362833 
3364.933209 1072.560010 3398.893316 1106.112536 6.341816 0.333333 25.307180 
3419.880974 1126.356149 3437.248530 1144.029567 7.101658 0.166667 6.717933 
3703.478702 1408.457148 3681.324396 1430.091214 5.176921 0.166667 8.764609 
947.202860 1385.963470 991.955375 1340.690068 6.100142 0.333333 25.055749 
1216.166692 1101.178879 1196.955888 1120.726004 4.610991 0.333333 11.454852 
1271.859629 2019.389970 1296.557582 2044.749344 6.268390 0.333333 3.784862 
2085.895219 215.888147 2049.506302 252.016273 7.096451 0.333333 37.845379 
2444.729106 155.342648 2434.259616 145.649510 4.858253 0.166667 2.682773 
2526.645935 237.102244 2504.750912 215.246189 7.091533 0.333333 2.420337 
915.086031 1417.587210 946.928135 1385.675284 6.203637 0.333333 14.293881 
1060.767548 1272.016997 1075.738449 1256.988011 5.327250 0.083333 5.192808 
1160.968579 2127.235770 1126.384205 2160.172192 4.870991 0.333333 9.761213 
3117.876630 1977.870260 3105.412661 1990.414012 5.280715 0.083333 6.514694 
3391.008447 1710.990804 3327.614725 1773.860472 6.190800 0.333333 45.041587 
1108.728602 1223.735169 1127.450351 1204.948358 5.597438 0.166667 0.128831 
2239.404469 63.154575 2193.699089 108.696666 5.385542 0.333333 15.314019 
1248.827647 2482.423330 1122.542663 2356.206974 5.330687 0.333333 67.908485 
1886.042567 1971.041964 1804.227200 2052.975609 4.481345 0.333333 31.489959 
2577.802091 710.853727 2588.387434 720.462891 4.542291 0.041667 3.167982 
3104.208667 810.782827 3117.620584 824.917542 3.333739 0.333333 1.120607 
3460.264298 1643.989300 3444.069265 1659.134706 7.244619 0.166667 4.315705 
3492.466617 1190.058337 3455.950014 1154.013047 8.040898 0.333333 16.696118 
3680.786957 1430.785459 3628.249137 1483.251030 6.208469 0.333333 21.019793 
711.282365 2228.718547 634.346916 2151.901206 6.213662 0.333333 43.099144 
2339.275052 2753.023994 2356.781899 2735.530848 4.425991 0.166667 2.319392 
2964.282185 1786.972660 2934.097943 1758.286008 8.746067 0.333333 11.317053 
3437.678832 1144.812668 3480.394575 1187.081424 7.229030 0.333333 21.161301 
1016.119682 1317.418288 1027.647416 1305.097710 4.567163 0.166667 3.581151 
2587.164617 721.435763 2612.933957 745.893332 8.390692 0.333333 0.818059 
2655.433508 2081.656933 2615.673380 2120.697317 5.060895 0.333333 18.849660 
3104.793842 1991.039787 3036.600764 2059.100230 5.299857 0.333333 37.266103 
3325.099450 1033.582226 3346.075199 1052.750230 6.745809 0.166667 3.481720 
3601.452507 1298.573322 3579.275784 1275.682103 5.330657 0.333333 13.727755 
1373.265670 948.267856 1399.726155 922.212190 5.466660 0.333333 6.063481 
1648.124825 670.658448 1678.568075 641.012739 6.667588 0.333333 19.482738 
2446.686235 2646.718765 2483.532490 2610.968349 8.314242 0.333333 6.710494 
673.314350 2196.684187 708.290178 2231.708326 6.217073 0.333333 8.796097 
2102.609440 207.717071 2118.447093 190.851256 3.767453 0.333333 2.434951 
3037.338367 2058.601508 2989.148205 2105.462674 5.525211 0.333333 26.765364 
3543.796303 1249.950560 3574.397670 1280.604513 7.101417 0.333333 10.176389 
3235.370306 1871.627128 3259.071885 1847.817592 5.608362 0.333333 1.253017 
3626.036908 1322.713752 3606.051961 1302.696720 6.202070 0.333333 6.069895 
2927.237310 629.012709 2903.487428 605.262547 7.071193 0.333333 2.897608 
3138.562890 1957.295957 3118.651680 1977.408936 4.432729 0.333333 2.131743 
3214.003736 922.256944 3231.123557 938.898059 3.824410 0.333333 6.896619 
3530.844463 1574.578399 3498.075584 1606.844299 6.344222 0.333333 15.292713 
607.543899 2132.423656 640.855350 2164.194107 6.608789 0.333333 4.462841 
3298.673364 1006.344568 3322.719212 1029.791159 5.347486 0.333333 8.348586 
3611.983412 1317.979945 3631.030127 1336.526381 7.046919 0.166667 11.868669 
2472.111742 182.895927 2445.128706 156.115590 6.283780 0.333333 8.215814 
2445.520589 2293.032294 2465.634491 2273.121817 3.473156 0.333333 7.304897 
2784.164819 909.591502 2720.090549 847.387931 7.332143 0.333333 30.034586 
2807.592272 2281.312401 2800.229077 2288.995565 3.812210 0.166667 0.485737 
2867.447923 2222.408408 2853.246587 2235.826635 4.035134 0.083333 5.283798 
3327.943625 1027.061329 3257.816422 957.175994 8.014488 0.333333 74.042752 
1426.535157 2164.721675 1417.711520 2156.071921 5.408583 0.166667 6.437900 
1674.083129 1070.338283 1709.404517 1034.381921 6.478266 0.333333 7.250271 
2507.969499 2585.487547 2520.895622 2570.864213 3.619248 0.166667 0.781315 
1036.643998 1296.743540 1051.812192 1280.482399 4.631775 0.083333 12.696359 
1278.116436 1044.383210 1307.930490 1014.166422 4.614996 0.333333 0.712252 
1678.858042 640.144558 1702.485255 616.227868 7.232383 0.333333 3.434283 
2175.329670 2405.771288 2160.442016 2375.715639 5.611026 0.333333 6.041309 
2451.276810 2636.272692 2399.847326 2687.350577 4.561881 0.333333 8.639969 
3627.410843 1483.599134 3609.163472 1500.395195 7.357606 0.333333 0.122243 
754.015576 1576.517004 774.603172 1555.847300 5.338471 0.333333 7.773553 
1217.697325 2456.050759 1316.563571 2554.687155 5.385589 0.333333 48.966041 
1780.465019 962.970453 1805.533257 938.026568 7.066650 0.333333 3.793337 
2897.438925 2192.416239 2883.951731 2206.468759 4.306147 0.166667 0.985709 
2289.967051 2788.715627 2254.301549 2824.304096 2.681271 0.333333 8.675365 
2259.541150 2823.291321 2304.564317 2778.314512 3.559208 0.333333 17.330617 
3008.552353 708.959665 2984.723026 685.267708 7.993243 0.333333 3.319536 
3027.170601 1243.416156 2937.581156 1332.590267 5.545610 0.333333 72.204754 
1706.779892 611.788972 1731.892145 586.872623 8.013729 0.333333 9.443040 
2548.400161 257.881111 2526.800046 236.952358 8.302742 0.333333 3.164047 
2576.781874 285.755835 2548.871436 258.607607 9.229507 0.333333 2.708347 
882.224309 1450.975692 898.508814 1434.755386 6.181935 0.083333 11.478858 
1268.968785 2859.772353 1301.133743 2892.654623 6.138076 0.333333 2.927152 
1737.620795 1006.394435 1762.065132 980.747609 6.546013 0.333333 11.197698 
2621.038800 753.890385 2648.674875 784.083409 8.517861 0.333333 2.998268 
2059.796275 2113.573751 2079.824248 2094.772023 3.831332 0.083333 6.470123 
2327.638510 2292.348527 2360.959993 2326.582243 4.920915 0.333333 4.128700 
2083.257459 2090.770917 2105.620335 2068.135445 4.424691 0.166667 6.415066 
2113.760005 2291.562160 2166.882850 2398.124804 5.729917 0.333333 27.161807 
802.171455 1529.692889 866.383146 1466.359003 7.010070 0.333333 47.629368 
3243.928520 943.644184 3216.241942 914.941389 8.447373 0.333333 8.172181 
2624.491778 342.970727 2687.469005 405.058305 8.514324 0.333333 39.137883 
3704.021006 1400.977530 3678.447904 1375.298263 6.214634 0.166667 6.788767 
1879.140755 1214.145131 1816.733163 1276.737266 5.352882 0.333333 30.110606 
3404.584186 1111.664202 3417.131984 1124.116035 7.050659 0.166667 6.407978 
993.270356 1330.765164 976.138857 1348.531212 8.355366 0.333333 0.030728 
1424.107881 896.584844 1439.755023 882.179995 4.598181 0.166667 1.721018 
803.895163 1430.154930 886.171534 1347.411391 7.957422 0.333333 57.256530 
1929.782279 804.760367 1913.335937 822.141839 6.062699 0.333333 1.381864 
1115.936167 2355.289265 1133.451430 2371.522797 4.561503 0.166667 5.493453 
2937.888423 1332.885667 2891.997142 1378.248564 5.579574 0.333333 14.802696 
1273.506503 2014.757036 1161.553107 2126.554402 5.303300 0.333333 47.926544 
1897.676846 845.193069 1911.191405 831.170901 5.530468 0.333333 0.947873 
2842.448106 1903.706536 2858.603442 1887.347484 2.542280 0.166667 3.410262 
2095.441004 2424.351316 2146.881532 2416.920219 3.560514 0.333333 1.964803 
2484.170522 2254.223982 2504.720197 2234.673933 4.263855 0.333333 0.342871 
3018.477531 726.513105 3044.458830 751.822146 4.662301 0.333333 2.153940 
1105.802137 2180.801643 1077.056898 2209.556835 5.309421 0.333333 3.202345 
1125.990526 2160.978014 1106.467150 2180.229063 2.815585 0.166667 0.715734 
1317.040460 2056.711851 1292.012545 2031.737162 7.069182 0.333333 4.531104 
1876.666299 2296.586881 1865.531084 2256.342714 7.918643 0.333333 2.641192 
3270.024431 1830.014263 3254.264098 1845.512221 6.194385 0.333333 0.642318 
1076.016669 2209.760315 1063.004936 2222.986606 3.729221 0.166667 1.297657 
1941.029607 801.030614 1979.829277 762.327296 7.984614 0.333333 20.271339 
2372.740447 2706.489308 2322.039776 2757.040264 2.736599 0.333333 11.532078 
2378.257386 2339.242889 2322.689801 2283.559292 3.609269 0.333333 6.645125 
3674.652749 1371.610577 3657.807927 1354.684556 5.833799 0.166667 2.284187 
3074.431192 1390.620882 3060.360495 1405.372708 6.569386 0.166667 1.508532 
1478.955759 841.476245 1497.977530 822.912246 5.174015 0.333333 10.038678 
1858.887225 2234.182524 1854.214509 2215.678123 4.146035 0.166667 0.007759 
3271.110291 978.884794 3291.216887 998.789778 7.124422 0.333333 1.243820 
1291.955385 2030.743704 1273.710460 2015.152657 6.790266 0.166667 1.765657 
556.683336 2074.684149 536.453657 2055.978813 5.299241 0.333333 2.811418 
1194.674707 2432.830780 1216.976369 2455.548373 4.443726 0.083333 5.302279 
3355.506771 1054.522182 3326.432507 1026.050406 7.889741 0.333333 16.388773 
2047.257698 254.751463 2017.485710 285.016487 8.925637 0.333333 14.945012 
2544.927720 2196.241751 2567.902107 2174.055393 7.193359 0.333333 0.560523 
2831.016935 2258.525348 2817.109084 2272.140940 5.096381 0.166667 4.049513 
2727.462758 431.287411 2708.090457 411.909533 6.189856 0.333333 2.416945 
3094.831955 1369.817988 3075.127987 1390.143177 6.200155 0.166667 11.341371 
1573.708701 746.236853 1590.422462 730.292117 4.861190 0.333333 11.192385 
1535.078746 785.098385 1551.566685 769.058081 6.320384 0.333333 1.004384 
3135.801781 835.493225 3121.026230 820.236426 7.559377 0.166667 3.032347 
1285.711671 2106.964111 1303.451182 2089.710366 5.499088 0.166667 1.030599 
3163.435186 1932.057488 3152.582862 1943.877235 5.050292 0.166667 1.156315 
585.234979 2109.761319 607.014066 2131.749120 6.199759 0.333333 3.318381 
1089.603249 2327.916005 1116.084182 2353.907166 4.476973 0.166667 5.116001 
2021.534897 1497.234933 2045.938090 1520.293655 6.259788 0.333333 4.086041 
2419.694526 2659.697295 2385.169168 2693.926049 2.205838 0.166667 3.797677 
1166.548159 2404.616402 1186.043794 2425.228898 5.055213 0.166667 1.120083 
3549.574588 1556.935824 3541.476482 1564.088967 5.916855 0.166667 0.005024 
522.042332 1710.800115 583.459588 1649.718290 7.245301 0.333333 34.677656 
2132.728685 2425.313784 2168.256144 2420.305258 4.098924 0.333333 5.338931 
2200.413683 2882.908901 2260.272030 2822.773655 4.551983 0.333333 5.852124 
2403.452599 2668.452638 2330.323315 2741.573426 4.425220 0.333333 19.353807 
2526.317259 1185.081769 2555.308212 1155.316454 5.023291 0.333333 0.478852 
2920.342509 1744.663002 2867.315994 1692.651022 8.185073 0.333333 38.739733 
3578.073778 1275.761330 3559.326473 1255.581338 7.196318 0.333333 0.169027 
3631.416006 1337.296780 3653.825997 1358.699831 7.069201 0.083333 1.703151 
669.256717 1564.258248 720.478026 1512.979589 7.975226 0.333333 32.651335 
1623.475297 1120.970710 1644.592515 1099.573298 6.355979 0.166667 0.966509 
2345.274996 2298.475220 2314.015008 2267.234444 5.308734 0.333333 0.208570 
2860.595333 1888.116916 2876.112673 1872.333364 6.443755 0.333333 4.746829 
2687.255124 404.081383 2712.179714 430.402791 8.072414 0.333333 14.651240 
1316.284887 2549.960454 1249.673509 2482.818979 5.478411 0.333333 26.777739 
1334.262396 2568.231369 1317.239910 2550.211082 3.767470 0.333333 0.365386 
1762.312413 982.277574 1779.730249 963.352395 7.252187 0.166667 1.415120 
2711.268202 427.355482 2734.904229 452.716810 6.693439 0.333333 7.137780 
770.014365 1463.780706 789.942229 1443.676269 8.044541 0.333333 0.924983 
1887.502926 2334.557601 1876.476090 2296.992095 7.405241 0.333333 4.528768 
1256.328934 2130.071788 1235.558455 2150.573943 5.441098 0.083333 10.239453 
2853.908636 1608.885950 2831.514630 1631.532594 7.910207 0.333333 4.456542 
3066.632458 1262.100887 3035.551798 1230.669488 8.098642 0.333333 10.415505 
886.999318 1347.001482 990.650600 1243.150551 7.179920 0.333333 57.843460 
1623.112610 695.657078 1642.210018 677.222055 6.045851 0.333333 0.207876 
2335.133576 2752.632226 2273.937102 2813.937882 3.590677 0.333333 3.209656 
2913.293359 621.718381 2947.217747 655.278533 3.764468 0.333333 6.739023 
2866.299457 1701.200217 2933.805489 1768.694819 7.955026 0.333333 58.657566 
1229.288883 2155.538320 1202.949504 2181.706532 5.395475 0.166667 2.694837 
2263.810970 2807.568514 2240.642307 2830.647245 4.476128 0.333333 2.581730 
2734.554870 450.378376 2758.179084 475.574290 6.724354 0.041667 0.435754 
2989.343433 2105.534164 2947.067186 2145.941691 7.708346 0.333333 21.157784 
739.918271 1483.626235 714.615171 1508.397184 9.044976 0.333333 4.434714 
2915.374885 1360.387354 2964.440692 1311.925922 5.336063 0.333333 15.392748 
2863.426554 1412.156065 2878.585107 1397.318044 2.878553 0.166667 0.685324 
2037.005548 2137.006760 2060.118361 2113.868909 4.434250 0.083333 3.057269 
2159.290222 2373.807914 2142.988172 2341.945006 6.262822 0.166667 0.121206 
3253.452680 1845.904943 3207.914064 1890.464367 8.501997 0.333333 28.145288 
1830.324986 486.641382 1848.526042 469.629341 7.007383 0.333333 3.532672 
2045.628285 3026.874645 1999.445632 3073.191797 4.430980 0.333333 14.831446 
1316.511413 2554.739581 1363.359042 2601.639818 4.455625 0.333333 15.195477 
1749.686866 568.436346 1777.786817 540.289465 7.979285 0.333333 5.676532 
1912.038407 830.793508 1941.471855 801.465890 7.115629 0.333333 18.356234 
2060.967272 2431.973459 2087.836429 2428.434226 9.358002 0.333333 0.157276 
2094.327591 2976.831646 2083.548403 2988.619108 2.876920 0.166667 4.303206 
3212.057371 1894.583740 3234.783707 1872.268219 4.416725 0.333333 0.751501 
3645.602364 1479.354683 3670.580687 1454.330767 4.446012 0.333333 3.285782 
2080.172040 2992.664390 2063.141102 3009.412484 4.766925 0.083333 2.751938 
1914.645785 2429.662405 1906.858335 2403.129891 7.405157 0.333333 7.180327 
1984.710505 757.247883 2011.292176 731.278436 8.047081 0.333333 9.634519 
2389.659002 2342.841411 2345.940854 2299.059606 4.438064 0.333333 1.687634 
1461.365630 860.234870 1475.325007 845.260621 5.212237 0.333333 0.364699 
3015.486670 1465.517998 3032.619251 1448.854999 1.905796 0.083333 1.736531 
2245.204434 491.466570 2266.635058 470.344971 8.928465 0.333333 3.984735 
1846.521511 2016.557325 1858.942367 2002.736199 2.010144 0.166667 0.284822 
709.550772 1513.309949 683.216841 1539.475477 8.048473 0.333333 14.651240 
3426.788821 1698.041836 3447.653844 1676.420329 5.522754 0.333333 0.207876 
2028.975722 714.002912 2038.653713 703.617709 5.667972 0.333333 0.652883 
2675.997590 1033.500576 2733.401538 975.900597 4.451050 0.333333 7.160803 
3121.170619 821.307195 3089.404569 789.319672 8.099217 0.333333 10.051630 
2909.365955 1570.625328 2937.387818 1542.393305 2.364759 0.166667 4.685977 
774.293673 1556.779672 801.239465 1529.979238 6.289952 0.333333 14.811919 
1133.483929 2371.496676 1153.899930 2392.366937 2.748365 0.166667 2.608903 
2554.994809 2521.259307 2588.347547 2487.121185 3.967262 0.333333 1.183916 
2824.828207 1660.178276 2843.451097 1679.071451 7.236446 0.333333 6.041309 
1817.101759 925.852752 1840.909006 902.149302 7.121258 0.333333 3.939401 
3537.503209 1587.518311 3559.921792 1564.917380 4.544684 0.333333 5.152710 
2946.089517 2146.059888 2896.989834 2194.455115 7.492384 0.333333 32.221504 
2165.527431 1424.277091 2120.447119 1469.200855 4.482443 0.333333 6.609693 
721.937268 1514.503236 732.302347 1503.528612 4.770080 0.166667 0.685324 
3080.282210 781.017330 3062.072874 761.756191 7.927018 0.333333 2.222310 
3658.077525 1353.307977 3647.607049 1343.827587 3.234881 0.166667 2.774753 
3046.221951 746.370219 3030.160859 731.051079 5.460654 0.333333 4.827381 
3671.239529 1453.752122 3709.610259 1414.605596 5.196889 0.333333 17.846818 
1202.395878 2182.393582 1184.239475 2200.492985 3.809697 0.083333 0.152940 
3205.063179 1892.427820 3187.464457 1911.347886 7.853868 0.333333 0.095509 
3447.969105 1676.721395 3462.362395 1662.358181 4.316803 0.166667 1.795492 
1720.714004 1024.623573 1736.471550 1006.355199 6.885918 0.333333 1.216942 
1907.634664 2402.394960 1901.180318 2384.627354 5.420469 0.166667 0.894943 
3370.061760 1755.063192 3398.842965 1726.341856 4.451624 0.333333 7.389558 
2115.596851 2288.139051 2101.116101 2259.129853 4.477284 0.166667 0.815837 
2313.364434 2266.662820 2267.756916 2222.253011 4.266155 0.333333 10.094769 
759.323653 1475.693521 769.900588 1466.078145 3.301795 0.166667 0.709041 
1029.373841 2268.126103 1045.837240 2285.422988 3.189886 0.166667 1.681237 
1794.359734 523.119650 1814.290541 503.031407 8.034865 0.333333 1.636892 
1954.276826 1903.032107 1894.142790 1962.891725 3.717449 0.333333 23.778098 
2844.323675 1679.390108 2865.747006 1700.501190 7.870387 0.333333 4.662256 
2023.957183 3058.968566 2044.319000 3038.036470 3.327667 0.333333 2.881855 
596.660741 1636.663087 628.994538 1603.971330 7.255855 0.333333 12.071819 
2111.730756 2960.439114 2095.751437 2977.043749 4.265969 0.166667 3.595573 
2082.484622 1551.319904 2066.917918 1534.224119 4.852748 0.166667 0.564311 
622.665288 1596.412863 608.250939 1610.751603 2.304116 0.083333 0.687860 
1297.484190 2044.972549 1307.207270 2055.399548 5.755040 0.166667 0.176168 
1241.839921 2833.138985 1268.324733 2859.171800 5.257463 0.166667 8.798594 
1353.546578 873.463194 1329.139728 899.151464 2.113532 0.166667 0.893324 
2883.255401 1579.491105 2862.103635 1600.864213 8.023852 0.333333 3.230362 
2491.545149 630.802341 2536.903480 673.182364 8.506347 0.333333 38.448976 
1053.425249 2291.579381 1075.133801 2313.627899 2.770896 0.083333 1.383122 
1811.523648 2050.285322 1830.576297 2030.577915 3.744035 0.166667 0.501623 
2556.202207 1154.967549 2589.558512 1120.832832 4.572028 0.333333 2.041398 
2953.653635 1526.171313 2974.042621 1505.270135 4.539676 0.041667 4.690337 
2005.805178 297.052291 1979.133891 324.157777 9.038364 0.333333 10.911278 
1731.617977 585.488674 1744.320934 574.162424 4.237836 0.166667 5.476451 
2238.385103 2192.874895 2208.222490 2163.013900 3.262632 0.166667 3.920487 
2302.501992 2768.709978 2269.721154 2802.241385 5.202923 0.333333 1.486787 
1121.719332 2354.615261 1096.597380 2330.919328 4.475180 0.333333 1.260722 
1217.860942 2075.406912 1240.046775 2052.526379 3.943683 0.333333 3.414449 
2933.375942 1757.994205 2920.695339 1744.210233 7.138568 0.333333 3.534346 
1924.664850 1169.586374 1903.135741 1189.488786 4.172458 0.166667 0.556432 
3187.561495 886.268024 3174.744437 873.989364 8.950551 0.333333 0.121821 
2169.370243 2129.407657 2194.083837 2154.687646 3.944332 0.166667 3.323922 
2384.155422 2691.656422 2420.322468 2655.323846 2.077095 0.166667 1.161300 
2497.250302 1208.464960 2481.284289 1223.810927 2.701046 0.166667 1.251736 
1071.244985 2305.009052 1034.488792 2268.011949 4.555089 0.333333 7.137780 
2680.785791 391.733297 2654.287865 365.691756 2.925756 0.333333 1.219053 
1751.920655 556.767438 1738.318695 572.193608 6.452185 0.166667 3.816283 
1930.704544 1930.697398 1956.405380 1905.152513 3.780948 0.166667 0.138492 
1473.231511 2552.926037 1468.789029 2578.458035 4.816994 0.333333 3.828629 
2936.938352 1771.789816 2953.024591 1788.177565 8.904104 0.333333 0.442011 
620.842626 1708.386025 642.875648 1685.386130 4.247643 0.041667 8.018574 
2447.660426 1262.662576 2524.016227 1186.515244 4.522114 0.333333 12.635100 
231.117368 1999.837256 245.754495 1985.759642 2.909438 0.083333 2.146186 
2688.515416 1017.229587 2666.788566 1038.087066 2.429125 0.333333 0.388666 
2587.370584 1118.606717 2556.552709 1150.311727 3.760900 0.333333 1.947374 
2920.833029 1542.182285 2904.023831 1557.920115 7.136838 0.333333 1.311121 
2879.061358 1396.557659 2914.897635 1361.139057 5.437915 0.333333 9.391946 
2178.898238 2132.366412 2161.118304 2115.116538 2.882932 0.166667 0.685324 
2784.740964 919.735502 2729.541984 975.770835 3.668346 0.333333 14.739561 
1029.404131 1294.368822 993.402010 1330.880691 9.186558 0.333333 19.557209 
1976.751996 323.012067 1961.691159 337.939516 3.220483 0.166667 0.227570 
1849.455435 2108.206056 1888.358628 2069.600785 4.572267 0.333333 1.829723 
2549.196421 1156.661423 2523.866983 1181.385161 3.393693 0.333333 0.738186 
3341.716518 1784.237232 3365.699499 1760.700913 2.502683 0.083333 1.896946 
2861.626008 579.582499 2881.425102 598.593548 3.934092 0.166667 3.134271 
1898.347302 1963.369087 1930.508697 1930.511163 4.750550 0.333333 4.513824 
2969.267601 1494.206161 2941.087977 1521.165512 8.363686 0.333333 13.879997 
1904.023036 1190.273032 1889.647960 1204.647963 4.419466 0.166667 1.161300 
1427.225623 3010.274870 1407.862064 2990.884051 8.852511 0.333333 0.498576 
2646.879876 1063.166251 2675.233970 1033.958876 3.875774 0.166667 1.806982 
1966.974165 1126.975521 1951.239518 1142.497921 2.586328 0.166667 0.528591 
2591.042118 1119.795828 2611.130273 1099.884767 2.395072 0.333333 0.847500 
570.162435 1753.906361 550.032838 1773.775063 2.584679 0.166667 1.561672 
1480.969468 2649.422893 1488.319973 2596.554523 2.980683 0.333333 4.054611 
1050.027646 1186.310518 1064.694608 1170.789448 3.768197 0.166667 1.303825 
2106.606320 2428.367762 2131.843901 2425.363727 4.635441 0.166667 0.789223 
2179.004644 560.296065 2195.089481 543.789263 8.437575 0.166667 1.185010 
1501.949793 2499.384236 1506.452702 2462.918499 2.288436 0.333333 4.069106 
2997.829969 1482.836900 3011.414618 1468.925433 3.825620 0.166667 0.109001 
2090.430088 3001.679371 2127.996476 2964.250599 4.472933 0.333333 3.687993 
2740.202080 968.940878 2771.237570 937.479274 4.594077 0.333333 1.756768 
514.209847 1814.213822 571.819396 1756.814611 3.622820 0.333333 3.878595 
1162.072203 2148.325549 1204.506439 2105.756021 4.493971 0.333333 2.680632 
1337.961411 2105.826408 1318.902976 2086.080592 2.590688 0.166667 0.893324 
255.502901 1975.487194 296.986324 1934.473289 4.545105 0.333333 4.789700 
2038.712834 1054.963106 1999.953849 1093.704118 2.556921 0.083333 9.263803 
898.633677 2669.854924 878.236350 2689.490669 1.962507 0.166667 1.446074 
1104.715869 2279.680861 1081.219249 2303.706172 3.473960 0.166667 3.948814 
550.770076 1773.287426 525.354352 1799.108602 1.646435 0.166667 2.652469 
2643.152912 1061.860541 2625.911387 1079.693337 2.612790 0.166667 0.005024 
