391.571206 2496.380488 352.811948 2352.535723 6.497374 0.333333 80.316102 
743.005141 2456.573087 718.441375 2364.624415 5.824531 0.333333 51.045737 
637.770025 2983.052709 925.662982 2905.766482 6.295902 0.333333 151.614324 
699.934023 1175.457566 927.693286 1116.458418 5.321645 0.333333 136.724580 
812.619498 1404.894253 858.461856 1393.194928 6.314540 0.333333 11.081523 
988.426776 1101.793094 1188.022371 1050.227751 5.296333 0.333333 110.460389 
2644.956053 2433.088736 2966.272475 2348.340570 6.506928 0.333333 205.265909 
2832.662333 2125.120333 2905.688289 2105.865022 5.207650 0.333333 45.782382 
3781.327467 852.373597 3769.398756 809.368410 6.303747 0.333333 16.870108 
2070.712272 2590.935893 2145.438154 2569.959386 6.904504 0.333333 38.315384 
2946.342072 2094.921944 3025.983873 2073.190187 4.932080 0.333333 54.306919 
3717.881376 42.078130 3690.690374 48.405918 3.870662 0.333333 1.063250 
4061.662823 2036.080948 4262.051494 1982.535511 6.277719 0.333333 150.755356 
325.746470 1336.490867 353.991127 1437.332630 5.636526 0.333333 85.817465 
1331.187733 1033.891049 1355.841014 1126.234763 6.114951 0.333333 47.761890 
2570.518105 345.218243 2653.219480 323.484515 5.446396 0.333333 31.706930 
3768.214846 2115.950766 3815.560944 2102.892745 4.697880 0.333333 15.571508 
3979.282361 440.335272 3970.006117 403.279928 5.754489 0.333333 22.214055 
996.299810 1358.545302 1019.967948 1351.999316 5.107061 0.166667 2.440428 
2145.455585 2568.751633 2646.180175 2432.667784 6.186893 0.333333 230.306555 
3660.546144 424.067361 3700.148528 574.828515 6.279348 0.333333 64.728793 
3763.849448 794.517835 3708.644316 591.394134 6.363684 0.333333 109.964477 
229.021125 1898.220271 202.687467 1800.406266 7.845504 0.333333 57.306536 
492.949208 2875.672110 476.149730 2812.984379 6.534282 0.333333 29.332308 
696.739457 2283.841033 656.729692 2136.574874 6.477570 0.333333 101.898216 
4352.507910 1801.368584 4316.456076 1667.323863 5.828460 0.333333 62.624634 
308.901584 1269.495741 325.911380 1336.189568 6.242886 0.333333 34.539077 
654.241035 2146.910246 666.738301 2194.410965 6.617075 0.333333 12.143976 
1415.808021 2767.639128 1432.924856 2763.539378 4.178192 0.333333 2.550483 
517.373604 1222.737547 699.314239 1175.391508 6.129686 0.333333 97.026707 
666.759518 2194.945015 681.591285 2246.955906 6.010393 0.333333 23.390096 
1478.909535 2278.259414 1461.589789 2283.417281 5.302811 0.166667 10.468050 
3357.003444 452.372971 3534.313998 406.638496 6.719623 0.333333 105.025404 
3797.624239 914.179048 3781.976446 854.348468 6.567589 0.333333 16.424520 
70.658389 1345.616009 111.026150 1495.516972 5.947999 0.333333 103.692460 
1457.550300 719.382421 1305.229255 760.405579 5.201083 0.333333 85.426527 
3706.325919 598.769661 3713.926204 623.264254 4.815628 0.333333 4.548720 
476.192870 2813.307362 391.448763 2496.320595 7.172065 0.333333 169.756678 
454.662260 2756.798079 482.675948 2861.414682 8.043043 0.333333 76.894140 
3149.535941 2038.645981 3169.203627 2032.570250 3.727609 0.166667 3.520945 
3767.461382 1485.421922 3849.302468 1465.329558 5.662582 0.333333 22.995753 
361.596213 1465.710250 372.102978 1500.069760 6.411537 0.333333 19.608942 
497.165731 2890.059928 492.838250 2876.101431 5.349081 0.166667 5.529404 
1523.849129 2732.431220 1464.790034 2748.409093 5.024765 0.333333 27.517823 
2197.210570 2550.599208 2133.979352 2567.931619 6.456012 0.333333 16.635777 
2724.129043 614.693094 2780.725466 599.755654 4.884085 0.333333 27.158453 
3855.536508 9.062730 3871.988852 70.258330 6.114690 0.333333 23.035357 
1629.265662 2703.971524 1524.190938 2732.445782 5.595075 0.333333 43.641987 
1614.399501 2241.965942 1479.115863 2278.413144 6.470896 0.333333 56.504683 
3485.221388 109.131916 3647.676762 65.216829 6.526127 0.333333 93.305683 
2966.589842 2348.321313 3109.766996 2309.573465 5.973119 0.333333 91.656020 
681.850378 2247.218463 747.485687 2490.797271 7.357455 0.333333 142.937795 
1722.419547 2678.853745 1669.138746 2693.516511 5.750278 0.333333 16.496148 
1792.615583 2660.008999 1723.024610 2679.007271 6.573220 0.333333 24.073396 
2720.872482 2407.711253 2700.442231 2413.757415 5.552537 0.333333 1.158373 
3026.208459 2073.298884 3149.012456 2038.109782 6.232890 0.333333 55.828815 
771.050445 1152.268180 680.335212 1175.755762 7.433201 0.333333 38.670106 
730.426864 1426.110725 783.264418 1412.412784 5.826239 0.333333 16.940696 
752.844750 2487.118298 771.023797 2482.057546 5.077140 0.166667 8.453596 
1632.106011 672.732096 1581.723159 686.311640 6.223192 0.333333 12.533354 
3370.593242 139.255222 3433.323314 122.622959 6.654305 0.333333 37.694149 
3649.466345 59.718907 3609.000992 70.466888 7.928754 0.333333 7.276513 
3662.210206 1671.840232 3639.058181 1678.226427 4.695457 0.166667 9.621989 
3432.483873 122.909174 3484.611930 109.013836 6.361086 0.333333 22.790261 
3928.090991 278.133228 3932.938506 298.170118 5.780818 0.166667 2.972816 
679.694810 1175.569982 465.246878 1232.962133 6.294814 0.333333 128.769071 
1355.737151 1126.502354 1385.679469 1235.952063 6.222252 0.333333 64.739333 
2479.199958 2473.761760 2444.197407 2483.752825 6.005317 0.333333 3.228586 
518.227874 2969.700200 513.077915 2951.533984 6.496362 0.166667 3.187049 
3158.406889 2295.383285 3227.870098 2275.963246 5.384972 0.333333 21.545641 
1581.424593 686.440978 1457.823875 719.499128 6.220795 0.333333 44.939382 
2016.671631 2606.160558 2064.561050 2592.528600 5.853465 0.333333 12.806916 
3957.145579 382.146759 3992.317154 508.905480 8.758961 0.333333 70.675416 
251.322104 1980.775513 239.199002 1936.242345 8.107776 0.333333 15.755044 
377.654925 1517.575681 587.688465 1462.704062 5.535900 0.333333 103.693604 
313.568649 1276.098971 517.334743 1223.661511 5.847911 0.333333 89.056823 
1903.629193 2636.622585 2015.789253 2606.231180 5.510801 0.333333 69.318449 
73.360111 1079.005269 257.883539 1029.720954 6.023004 0.333333 100.197005 
299.734627 2157.471602 291.074195 2126.401371 7.501414 0.333333 6.942037 
402.059986 2558.997371 429.229751 2662.242172 7.889239 0.333333 60.532280 
1432.721935 2761.618006 1903.169331 2635.790746 7.358521 0.333333 287.568525 
1746.657477 642.315669 1632.511820 672.994400 6.217049 0.333333 56.997500 
1698.672427 1431.371406 1648.343519 1445.171913 4.996610 0.333333 20.151089 
2397.983782 2030.966984 2420.733868 2040.361358 3.848575 0.333333 1.166495 
3052.033290 222.501389 3099.651251 210.468185 8.242589 0.333333 12.774468 
3716.193046 635.122884 3727.752727 676.977816 5.152337 0.333333 14.964653 
3727.304809 677.655938 3741.198709 727.412889 5.488142 0.333333 21.246620 
3829.711004 1028.384156 3797.439707 914.569309 6.049535 0.333333 60.659316 
783.600396 1412.392863 811.978957 1404.761585 5.893591 0.333333 2.708589 
2060.238950 466.679251 1920.833010 503.903995 5.254889 0.333333 65.079676 
1188.498824 1050.903189 1326.025349 1017.261627 6.498695 0.333333 52.701245 
2307.746241 2520.481300 2197.504451 2550.441159 6.387467 0.333333 48.455913 
3539.831129 1704.773551 3506.750865 1713.926349 5.357018 0.166667 9.698388 
275.704506 2091.853710 285.743460 2129.343279 5.390626 0.333333 16.412727 
313.089744 2228.134811 326.346240 2275.772143 6.680562 0.333333 17.327409 
511.655404 2971.584079 518.184986 2994.710985 5.675218 0.333333 0.668560 
718.240205 2364.344263 696.819317 2284.056355 6.513598 0.333333 25.463529 
3566.837829 2174.244690 3624.627500 2157.760189 4.819930 0.333333 26.320851 
3744.842507 1649.871977 3684.169882 1666.108517 6.428674 0.333333 16.489910 
1270.294366 773.111490 1370.926736 746.778075 4.995536 0.333333 44.187788 
3020.577947 539.187733 3049.097806 532.021790 3.947678 0.166667 5.693659 
1478.755528 718.261788 1545.038349 700.886994 6.620978 0.333333 26.982413 
3889.801699 1610.965780 3745.690979 1649.620975 5.945585 0.333333 67.930064 
74.073993 1335.048208 68.230328 1312.769500 6.469732 0.333333 0.654305 
2359.569340 2506.331825 2334.089716 2513.337408 6.598309 0.166667 5.069279 
2287.953908 416.203579 2328.505978 405.870084 7.529701 0.333333 7.714774 
3708.572220 591.155819 3651.566760 370.704706 6.948225 0.333333 113.295961 
4150.932468 1095.198273 4168.401509 1158.956755 7.035489 0.333333 24.202851 
325.024400 1306.306208 317.742556 1281.989526 6.987508 0.333333 3.447923 
315.312263 1014.510391 372.008962 998.602448 4.874794 0.333333 26.936082 
1945.906498 1365.442451 1912.193540 1374.332915 5.405910 0.333333 6.445590 
2092.850113 458.296886 2060.538414 466.535409 6.389155 0.333333 0.766658 
3891.259682 143.848627 3899.846155 174.592524 6.355878 0.333333 1.665763 
1903.214394 512.225026 1992.798314 489.345855 7.393158 0.333333 23.066670 
1345.802928 2787.518874 1397.787439 2773.153459 5.897271 0.333333 9.748881 
3933.432314 1599.288408 3890.309181 1610.679395 4.856977 0.333333 9.713337 
3848.333769 1465.198187 3889.175961 1454.840177 4.794071 0.333333 3.122471 
332.463939 2277.410275 321.074981 2236.748963 5.873490 0.333333 25.223432 
482.696957 2861.320399 512.032797 2970.917350 7.842375 0.333333 57.722695 
1326.036163 1015.871368 1331.264108 1033.671547 5.996709 0.083333 1.163612 
1371.472758 746.623731 1478.418215 717.969352 6.528569 0.333333 40.161100 
2911.906219 2358.255940 2894.219522 2362.472895 3.402273 0.166667 3.531342 
4178.650330 1196.400846 4200.258610 1277.306704 7.185937 0.333333 50.577783 
1818.139655 534.431395 1902.935556 512.395989 5.077947 0.333333 20.188198 
2587.796153 2443.706126 2564.054804 2450.803990 7.531408 0.166667 2.746822 
3935.923133 276.793590 3925.699802 239.354574 6.901333 0.333333 7.620147 
316.599747 2220.365939 300.012767 2157.955499 6.943506 0.333333 36.794398 
927.251137 1117.170048 988.234285 1102.323907 6.559334 0.333333 28.337279 
1920.457140 503.772787 1871.665366 517.372919 4.736779 0.333333 9.787455 
3638.525111 1678.368309 3574.357860 1695.561030 4.979904 0.333333 22.016886 
3895.639426 1487.536998 3913.419881 1554.296463 7.575053 0.333333 25.930148 
588.091244 1462.993970 729.911668 1426.458177 6.709422 0.333333 62.953021 
1545.379126 700.914311 1644.063406 675.657528 8.642959 0.333333 40.792012 
1947.906548 1800.165639 1929.963457 1823.576028 6.083275 0.166667 2.493336 
2385.915854 2499.261900 2359.777642 2505.948859 4.197480 0.166667 7.130605 
791.573278 2477.047484 839.514498 2463.623179 5.825487 0.333333 22.412676 
2127.007532 2569.869905 2056.694050 2588.699290 7.007314 0.333333 32.680486 
3534.510850 406.141137 3650.921443 375.501281 5.786577 0.333333 75.231192 
3647.942081 64.960837 3718.446670 45.542955 5.397434 0.333333 33.305513 
4136.710531 1043.958760 4141.850559 1057.363676 3.526924 0.166667 0.735282 
1186.933394 792.082447 1136.691981 806.224816 4.822130 0.333333 1.495340 
2931.957949 2353.534233 2914.175084 2357.138703 3.617021 0.333333 0.212129 
3738.938699 2124.087501 3767.844045 2115.884933 5.671355 0.333333 4.320264 
1807.392364 2656.083218 1793.063784 2660.422878 3.887988 0.166667 0.554833 
3814.526416 2102.435232 4061.234798 2035.756288 7.598556 0.333333 149.591374 
371.677257 2444.098085 397.373959 2541.743693 7.825417 0.333333 75.712303 
1806.574596 1988.158619 1896.106251 1874.041176 6.868222 0.333333 69.047896 
3553.465446 85.688665 3489.781332 102.192894 7.035217 0.333333 25.369985 
3848.668722 1627.592025 3932.771074 1604.344599 6.787995 0.333333 41.674238 
4104.115991 896.606615 4094.141556 859.776753 8.018487 0.333333 6.421907 
174.469414 1698.754500 164.950483 1662.378612 8.148520 0.333333 5.781073 
1324.673747 2320.510875 1294.154779 2328.537690 6.554508 0.166667 4.005735 
19.771573 1093.291997 44.577768 1086.349512 5.583331 0.166667 8.249307 
111.390374 1495.760805 122.693434 1536.096220 6.547224 0.333333 9.703394 
1433.511143 2290.733483 1410.391925 2297.305023 6.695388 0.166667 8.715105 
429.446034 2662.525729 454.615561 2756.475673 7.977940 0.333333 57.252551 
4262.650455 1982.811522 4287.176237 1975.367484 6.236651 0.333333 2.929119 
3700.425640 575.360350 3706.202577 598.294379 5.181419 0.333333 0.952927 
4087.680838 835.404992 4062.444286 742.969575 6.909830 0.333333 57.712214 
524.352140 3014.291578 637.278265 2983.346619 5.963670 0.333333 47.838806 
3502.178027 2192.919165 3566.478438 2174.258534 6.157649 0.333333 30.938396 
4141.756746 1059.076516 4147.176216 1079.625230 6.481644 0.333333 1.991409 
2782.865999 2138.425801 2832.364647 2124.919483 5.481750 0.333333 30.623670 
2901.014480 2107.047509 2945.741714 2094.801277 5.253169 0.333333 22.226985 
3853.046403 1460.326565 3815.515911 1470.210786 6.039149 0.333333 4.790203 
31.743136 1197.234075 39.361772 1226.553627 5.058344 0.166667 1.042346 
513.321315 2951.248275 496.745796 2889.983568 6.301900 0.333333 21.567787 
1911.911784 1374.512812 1699.840243 1431.118034 5.657073 0.333333 113.699238 
3740.850778 726.467417 3831.445600 1054.493593 7.744145 0.333333 180.331604 
4246.927955 1421.523267 4240.467784 1397.592317 8.693326 0.333333 1.435060 
2026.892924 2596.951245 2009.195539 2601.111609 3.784141 0.333333 1.146849 
4392.099820 1949.314717 4352.518957 1801.702329 5.827308 0.333333 64.893652 
2507.391638 361.433246 2549.143602 350.953129 5.777200 0.333333 7.648367 
464.075968 1233.204361 311.350961 1272.216963 6.635706 0.333333 74.826801 
1538.357072 2267.740355 1619.472042 2245.986852 6.448274 0.333333 45.850245 
258.186408 1029.602033 314.697400 1014.316956 5.548320 0.333333 18.752017 
1244.183318 2816.203211 1294.706660 2801.787372 4.471595 0.333333 6.239413 
3680.524099 51.511591 3655.380068 58.492839 4.283160 0.333333 6.875375 
4055.257121 739.469329 4063.539118 771.768815 7.854860 0.333333 3.063053 
4216.763710 1338.155668 4231.357115 1391.112182 7.107208 0.333333 28.679764 
126.280050 1552.551027 133.464352 1576.396144 7.050646 0.166667 7.069786 
1159.341755 803.001261 1269.766884 773.333620 4.774851 0.333333 36.477974 
3128.127911 203.135799 3220.644894 178.198807 7.566871 0.333333 52.666653 
3180.100411 2029.985925 3211.691241 2021.213274 4.949352 0.333333 6.960583 
3579.268307 388.968368 3537.606703 399.899653 8.086388 0.333333 7.531478 
4093.406207 855.892727 4087.916585 836.028034 6.817109 0.166667 3.930725 
912.799332 1379.267437 945.799174 1371.351054 6.418310 0.333333 16.363676 
3293.066268 469.156201 3328.217744 459.720504 6.709588 0.333333 3.590450 
352.864283 2352.289190 331.353977 2273.832428 6.747827 0.333333 37.594783 
337.833778 2317.914388 340.683379 2330.886760 4.052212 0.166667 0.564333 
1304.671444 760.477766 1187.255715 792.041254 5.178977 0.333333 42.089232 
3277.105542 2262.697058 3300.748796 2256.066426 3.996259 0.166667 1.998972 
3897.712398 136.076008 3893.493912 120.524927 6.359261 0.166667 1.747259 
657.015398 2137.401323 626.414454 2025.751226 7.295579 0.333333 62.356330 
1454.574614 2751.366311 1396.568247 2766.985806 7.011372 0.333333 20.556015 
2633.237449 1762.339010 2655.347709 1756.980783 3.389371 0.166667 2.839199 
3573.646306 79.752285 3554.099255 86.014246 6.668388 0.166667 0.731548 
4044.590391 703.875814 4051.986336 725.587073 6.148565 0.333333 2.960740 
3048.725486 533.111801 3190.822225 496.388131 8.470107 0.333333 49.361015 
1020.371593 1352.001159 1043.777152 1346.723594 4.997124 0.333333 0.754273 
2974.536704 2341.135355 2954.201808 2347.578388 3.705522 0.166667 4.204791 
3536.778882 1853.398137 3532.097427 1830.326234 7.101648 0.166667 1.480727 
3457.911675 111.009503 3435.538483 116.523984 5.966912 0.333333 2.356295 
3874.225084 2078.825863 3820.499284 2093.493203 9.210463 0.333333 23.345036 
4106.431058 927.307021 4115.117625 961.366803 7.787541 0.333333 7.423571 
325.823541 2274.899365 337.347719 2317.756258 6.644366 0.333333 12.310289 
1043.853499 1346.211498 1059.719086 1341.887528 4.921154 0.166667 2.372287 
3228.254765 2276.097170 3261.870502 2266.858632 5.364044 0.333333 2.348675 
946.084363 1371.158880 995.691839 1358.384561 7.335765 0.333333 13.979171 
2941.823730 250.435003 2974.633094 241.581439 4.903756 0.166667 7.853332 
751.371143 2487.931547 743.306871 2456.827846 3.592402 0.166667 2.158184 
894.646069 2449.112020 926.782007 2440.286395 5.908074 0.333333 3.265965 
1325.377007 2793.506702 1345.519034 2787.753979 3.778799 0.333333 1.185420 
2549.337923 350.472700 2570.260820 345.379073 5.088298 0.333333 4.257240 
4027.836782 639.122633 4035.232003 667.306115 6.559961 0.333333 7.725676 
301.947579 2187.198513 313.100222 2227.788353 6.119034 0.333333 10.423890 
1668.525425 2693.355089 1629.582190 2703.890837 5.409243 0.333333 10.090898 
2751.067452 2399.784009 2727.338378 2406.112472 3.619587 0.166667 2.635145 
4000.745237 519.342757 3985.353957 461.947684 6.563031 0.333333 19.550761 
4064.292540 771.896545 4081.760495 838.751717 8.715791 0.333333 36.964756 
1461.307471 2283.089583 1434.033578 2290.642034 5.430391 0.166667 8.067056 
3191.015616 496.157083 3221.199620 488.096076 4.353984 0.166667 1.295371 
3656.776709 2147.721833 3681.524745 2141.688335 7.080902 0.333333 6.096136 
242.656848 1965.516840 244.424024 1978.291141 2.954915 0.166667 0.511979 
3969.623630 403.057047 3956.270202 354.198661 6.478567 0.333333 27.811491 
4047.643741 689.851966 4026.266816 612.259422 6.775671 0.333333 47.441896 
1926.547557 1835.676376 1953.762927 1799.859731 5.572064 0.333333 13.231611 
2652.658765 323.776852 2703.224774 311.020503 7.544892 0.333333 20.710696 
316.437949 1009.573007 297.632188 1015.239460 5.132289 0.166667 1.747259 
1295.203839 2801.384827 1316.706937 2796.180588 4.349153 0.166667 3.582860 
2444.171684 2483.197128 2386.224936 2499.065758 6.343340 0.333333 24.449073 
2563.277329 2451.225167 2526.836718 2460.474169 6.925060 0.333333 3.433628 
4036.970142 672.756468 4045.226383 702.891744 7.002231 0.333333 1.398212 
1378.853111 2771.949340 1284.517979 2798.630523 7.909755 0.333333 52.478853 
1409.791854 2297.184468 1366.152776 2308.849431 5.654758 0.333333 8.638834 
1824.271382 627.711816 1856.617947 619.599983 8.479635 0.333333 2.971432 
3547.258890 1891.196072 3542.033211 1871.832304 4.645044 0.166667 4.742803 
3750.579832 1486.714171 3714.051467 1496.973006 4.624264 0.333333 5.328040 
1134.178803 2371.119063 1111.882985 2376.905765 2.613588 0.166667 4.262766 
1847.030643 1929.236329 1815.196529 1969.501068 6.842536 0.333333 15.014312 
3499.940336 1933.191372 3552.826158 1918.312768 4.809897 0.333333 18.465128 
354.033186 1437.544091 361.526295 1465.382402 6.637691 0.333333 9.037338 
3930.254969 1588.624436 3920.480719 1556.919480 9.197179 0.333333 6.442532 
259.792893 2033.349906 264.371064 2050.288207 2.924493 0.166667 2.210607 
594.990052 1931.710039 608.507054 1982.107789 6.244651 0.333333 12.875457 
2781.301807 599.440663 2832.300576 587.432412 5.797138 0.333333 25.938381 
684.979191 1433.235761 656.927217 1440.818182 3.077098 0.166667 5.829190 
222.033366 1894.327213 227.290552 1911.749608 4.108527 0.166667 0.919565 
1909.626589 599.054322 1846.349753 616.184837 5.832800 0.333333 23.195091 
3925.909705 238.960194 3898.219485 136.511607 7.403584 0.333333 45.364107 
4171.781751 1998.636669 4149.678059 2004.636309 10.185079 0.333333 3.037158 
4297.431790 1599.853246 4292.942486 1581.612280 5.369921 0.166667 1.942990 
615.475068 1986.000332 605.257020 1947.888524 7.366877 0.333333 19.130186 
3648.274433 376.226099 3660.366318 423.510808 6.448035 0.333333 23.036893 
238.722591 1934.873010 229.200375 1898.497936 8.205185 0.333333 9.865520 
2922.741714 565.539339 2939.081022 560.850557 1.804606 0.083333 1.932752 
39.648363 1226.803375 70.690910 1345.280214 5.929702 0.333333 56.437667 
3683.692976 1666.384864 3662.706013 1672.315657 6.171286 0.166667 0.731548 
4026.328892 612.705649 4000.947369 519.627957 7.892567 0.333333 47.323121 
257.917689 2005.353583 251.585068 1981.025851 6.893381 0.333333 4.431830 
3221.009852 178.338139 3370.221436 139.090722 7.820431 0.333333 79.972290 
4116.699500 942.450983 4109.430984 917.383862 6.158951 0.166667 0.446557 
4200.111389 1276.095365 4216.980892 1339.346758 7.649521 0.333333 33.656595 
4248.906718 1455.399282 4256.954090 1483.269366 7.095961 0.333333 7.702435 
197.860377 1783.197405 186.807432 1742.801469 7.473652 0.333333 13.513528 
524.291144 2993.769487 518.348122 2969.942918 6.366722 0.166667 0.753689 
2887.086461 575.178411 2921.972706 565.996218 4.453305 0.166667 6.467941 
4168.288342 1159.328633 4178.743127 1196.159192 8.549127 0.333333 8.965881 
219.036267 1877.934993 222.533144 1894.705862 2.482542 0.166667 2.037467 
3736.153604 1494.210147 3767.258036 1485.789943 5.152913 0.166667 6.361333 
857.880305 2458.438732 894.258991 2448.931117 5.895559 0.333333 11.749775 
2523.440184 2461.728925 2505.279270 2466.914090 4.428292 0.333333 0.679124 
3814.801335 1469.734188 3763.199318 1483.405511 5.586564 0.333333 14.234011 
608.982048 1453.083824 584.708590 1460.471122 3.169445 0.166667 3.607392 
3942.646685 302.937789 3936.146024 276.142097 6.404472 0.333333 9.564581 
1717.801367 1431.882616 1746.858930 1424.313311 7.003873 0.333333 1.517568 
2204.717565 428.128867 2164.000198 439.253138 5.824264 0.333333 1.879227 
1872.327358 2638.532852 1830.550219 2649.932075 7.018437 0.333333 11.027416 
3328.535091 459.787168 3359.154836 452.232640 6.399304 0.333333 9.116169 
1582.198923 2127.701823 1606.053359 2216.423744 5.295431 0.333333 29.331491 
3885.893636 1454.667350 3895.637751 1487.376446 6.346740 0.333333 10.603334 
3718.990923 45.461744 3854.828962 8.545407 5.926214 0.333333 44.065912 
3862.809673 3.145839 3802.904099 18.513918 6.085629 0.333333 2.882645 
770.819183 2482.693148 790.876052 2477.932753 4.063037 0.166667 4.285020 
2087.233844 465.824109 2126.672648 456.057848 9.394850 0.333333 6.303060 
2998.940913 2075.377536 2966.954646 2084.649754 4.319394 0.333333 6.234426 
2975.693871 242.223264 3052.394520 222.748092 8.731645 0.333333 37.721420 
804.636713 2933.008936 786.378314 2937.222990 6.839699 0.333333 1.160832 
4277.000696 1558.648453 4285.655092 1589.924907 7.766395 0.333333 2.459415 
1861.096639 519.989696 1830.523235 527.722656 3.942025 0.333333 2.784611 
2677.611958 2419.856766 2651.462920 2426.503937 6.693641 0.166667 5.556756 
3713.511514 1497.025608 3652.108334 1513.970531 4.780450 0.333333 10.246999 
3828.381078 1634.123142 3840.710912 1630.959868 3.510993 0.166667 1.274450 
4013.327978 585.912860 4027.857687 638.761162 7.173195 0.333333 18.709122 
291.006160 2126.202576 264.595472 2029.314901 7.893466 0.333333 63.040991 
416.394748 983.008560 394.227209 990.167358 2.605097 0.166667 1.277978 
3479.597332 1150.199982 3586.727714 1121.328482 4.639484 0.333333 19.069839 
4231.502204 1391.293181 4248.943111 1455.059344 7.667036 0.333333 37.018142 
106.082365 1064.930859 57.295899 1077.286877 7.624849 0.333333 19.607971 
245.408491 1980.342338 248.937318 1993.244707 3.986205 0.166667 0.564333 
1092.617409 1333.585568 1134.390842 1323.188651 5.466568 0.333333 35.557636 
1907.237112 2629.950694 1888.242637 2633.718103 7.103338 0.166667 0.096702 
2660.938669 1751.758672 2626.697291 1761.232718 4.614204 0.333333 5.013071 
4262.813431 1507.348411 4273.162331 1541.484728 7.756611 0.333333 4.961616 
951.849868 1105.526909 908.962513 1116.515039 8.536367 0.333333 9.662023 
1060.004428 1341.973172 1092.023621 1333.700214 6.445065 0.333333 1.812724 
2651.022369 2427.088703 2588.919841 2443.948429 6.135335 0.333333 26.996983 
3902.524036 1494.550865 3895.193560 1469.501256 3.830503 0.166667 0.714756 
4287.464586 1975.727625 4330.807574 1963.787764 7.071459 0.333333 8.040259 
1167.824409 2837.050729 1203.202406 2827.151638 3.034943 0.166667 9.091660 
3533.642112 1865.165678 3542.413254 1898.910183 5.590405 0.333333 15.938324 
3602.435941 1116.731265 3645.283204 1105.563622 3.536887 0.333333 2.547252 
3913.606225 1554.589987 3926.365669 1600.216558 7.936735 0.333333 19.380730 
3956.979246 355.042090 3946.532530 317.524243 7.149378 0.333333 13.135428 
3435.312800 116.892003 3397.990108 126.342260 6.105386 0.333333 1.252740 
3501.923945 1743.395253 3511.927507 1782.183833 8.160604 0.333333 7.291824 
935.187441 1367.584934 906.086993 1374.950321 5.095923 0.333333 10.263587 
1929.915738 1823.806051 1908.783184 1850.150263 6.225522 0.166667 2.986805 
2875.745948 571.094073 2850.491152 577.605898 2.928661 0.166667 2.839199 
3234.005335 485.724141 3255.815637 478.718502 4.597381 0.333333 3.776745 
3909.912748 1524.506584 3906.621428 1506.690917 3.831484 0.166667 0.807557 
4119.846356 2009.943765 4075.814251 2021.355240 4.795750 0.333333 1.771064 
45.167085 1086.324363 73.086654 1079.224213 6.078074 0.166667 5.625044 
320.986900 2236.470611 317.003506 2220.592761 5.078735 0.333333 2.712703 
1870.408475 1898.929949 1855.049018 1918.649976 5.471114 0.333333 0.668560 
2005.267929 580.533907 2038.959234 571.563463 3.581671 0.166667 2.081442 
1520.387843 1896.268212 1549.147999 2003.521062 5.274641 0.333333 25.185288 
2322.937931 2001.088114 2386.654743 2026.825739 5.503943 0.333333 17.886861 
952.869356 2898.456295 1007.790693 2883.173603 8.848742 0.333333 22.049895 
1293.576747 2328.663869 1259.476108 2337.275376 5.178418 0.333333 4.564729 
2056.478614 2589.032299 2039.999331 2593.133601 4.174216 0.166667 2.077492 
4137.844881 1017.371855 4131.006674 996.312855 6.778030 0.166667 0.544237 
4167.953770 1131.915734 4163.049088 1111.298333 10.307091 0.333333 0.360126 
187.320698 1743.687270 177.711775 1708.580231 8.312327 0.333333 4.489083 
2804.835341 2127.715095 2784.447777 2132.205429 4.221133 0.166667 0.842998 
2903.002164 260.130872 2920.654259 255.742700 2.346866 0.166667 0.189194 
646.911296 2125.188942 654.145636 2146.529002 4.623086 0.166667 4.884623 
3968.452908 2050.647699 3950.532227 2055.264922 2.968125 0.166667 1.279831 
1549.278052 2004.064721 1582.439943 2127.300244 5.706189 0.333333 37.455133 
2808.564057 2385.025764 2795.600781 2388.020150 4.622357 0.333333 0.720284 
3688.622211 2139.432055 3738.507555 2124.059974 7.369177 0.333333 24.720266 
4352.475855 1958.130554 4390.339291 1948.277117 5.468454 0.333333 11.278346 
626.391884 2025.223484 615.307875 1986.254127 7.732242 0.333333 10.496997 
2564.852509 2071.978163 2568.747008 2006.762851 5.587222 0.333333 17.707725 
391.711988 990.002371 316.622771 1009.661602 5.236900 0.333333 21.854287 
2113.335569 451.365491 2092.858662 457.188393 3.287365 0.166667 6.252451 
381.309312 1506.196452 373.606880 1481.723338 7.155371 0.333333 7.642902 
1887.066370 612.606963 1904.670294 608.004455 3.642780 0.166667 1.277978 
2421.147920 2040.528561 2451.676862 2052.385175 5.826044 0.333333 4.613724 
3424.705713 1954.961453 3502.052396 1932.485473 7.110333 0.333333 33.476359 
3519.251933 1787.226487 3507.895645 1742.863728 6.897731 0.333333 13.041123 
4256.760728 1485.246258 4262.763158 1503.245667 5.406213 0.166667 11.163197 
616.923098 2015.610056 622.211823 2032.631973 5.170485 0.166667 2.458701 
649.617677 1442.803535 614.103290 1452.085379 3.786582 0.333333 2.960740 
3381.394770 131.137855 3354.841412 137.554966 5.994129 0.333333 7.573333 
150.073943 1053.292780 106.319861 1064.756101 7.487187 0.333333 17.530774 
1895.346912 1867.373663 1870.946329 1898.377888 6.375923 0.333333 4.893732 
4221.983957 1330.253015 4205.022858 1268.289823 10.142756 0.333333 21.803591 
879.987204 1124.240815 780.158823 1150.073495 6.947688 0.333333 49.787031 
3885.447030 1450.444460 3853.225505 1460.121678 7.432067 0.333333 11.997856 
1429.482324 1709.776132 1351.541703 1730.629269 4.761361 0.333333 14.246342 
1708.100311 660.536157 1728.601302 654.838932 4.189922 0.333333 3.450296 
1728.474116 653.338363 1776.966916 640.985837 8.479228 0.333333 16.962019 
2333.836418 2513.278467 2307.783482 2520.263486 6.211705 0.333333 0.879731 
3526.366450 1837.907861 3532.353363 1858.350979 6.786396 0.166667 0.595351 
3581.870863 1535.609556 3735.637627 1494.422142 5.002126 0.333333 47.320253 
297.010083 1013.627539 177.487979 1045.755135 7.762448 0.333333 63.915056 
341.341914 2331.105833 372.055146 2445.000580 7.471859 0.333333 87.802514 
2699.859612 2413.731962 2677.267214 2419.627906 6.731816 0.333333 1.546408 
627.015110 2048.387564 631.694452 2068.167712 3.647484 0.333333 0.873742 
3945.327627 341.242875 3956.979875 381.844902 9.277890 0.333333 21.759571 
2625.726969 1761.000970 2576.527742 1774.344630 5.847354 0.333333 4.196069 
3437.550544 2212.467443 3501.867076 2193.098686 8.548834 0.333333 29.264036 
3625.280874 2157.928739 3636.491049 2155.261368 4.100294 0.166667 2.800995 
3796.844134 20.508339 3769.288706 27.798839 3.847383 0.333333 0.390941 
3575.004120 1534.194816 3453.219153 1567.222180 4.273074 0.333333 22.832755 
373.253549 1478.523356 364.952566 1452.902861 9.161164 0.333333 6.007067 
742.267066 2949.150214 724.071000 2954.879481 6.722704 0.333333 1.558296 
3781.061103 1647.131058 3799.362438 1641.831619 4.932056 0.333333 3.803438 
4146.281617 1080.432068 4150.835471 1095.930443 4.473893 0.166667 2.159650 
2832.622856 587.482193 2866.322404 578.542016 7.594702 0.333333 7.620147 
1846.076710 616.071312 1813.863764 624.649287 5.153281 0.333333 9.377065 
3693.289662 1672.423741 3714.704539 1665.376372 8.059979 0.333333 1.792825 
3517.169626 1802.395088 3526.365901 1837.605008 6.687662 0.333333 10.521115 
1364.067812 1128.544003 1356.577037 1100.705175 9.748638 0.333333 2.338337 
2482.773516 367.945368 2507.507732 361.864313 4.875531 0.166667 6.243136 
4062.543960 743.844854 4052.298102 706.758111 7.355788 0.333333 12.606217 
859.069188 1393.183405 912.507506 1379.468938 7.757386 0.333333 17.975967 
3099.871076 210.146770 3127.796562 203.077570 7.546922 0.333333 2.108243 
1983.742920 1355.449798 1953.239916 1363.557350 5.719182 0.333333 0.925150 
2256.918444 423.306665 2276.402048 418.647301 4.794321 0.333333 1.599800 
4075.447558 2021.199765 4044.679846 2029.285058 2.644946 0.166667 3.039518 
164.820947 1661.753429 149.826806 1606.751832 7.787428 0.333333 24.158771 
1101.332081 2849.481674 1053.297626 2862.511391 9.734310 0.333333 9.814569 
1567.209547 2056.461266 1559.397650 2026.542704 4.938700 0.166667 3.620075 
4090.842488 872.168760 4103.529150 916.760015 9.618293 0.333333 11.739419 
1768.698197 636.366748 1747.080221 642.588103 4.312788 0.333333 2.441584 
1193.506391 2354.350926 1179.906068 2358.582042 3.054999 0.166667 0.511979 
1254.397212 2806.954219 1215.038053 2817.989819 9.392565 0.333333 13.238743 
3878.449484 65.077466 3869.228013 36.518841 9.094869 0.333333 0.475282 
2579.382910 1776.904481 2607.226247 1769.434167 3.857457 0.166667 5.519694 
3929.432210 2063.328218 3875.210494 2078.592784 9.706906 0.333333 28.467981 
3749.401866 1654.688132 3779.932279 1646.720595 8.069784 0.333333 3.460525 
3805.228962 1640.587740 3827.891319 1633.615456 4.043409 0.333333 4.251841 
202.720369 1800.175204 197.974811 1782.949472 5.935734 0.166667 4.075754 
981.490081 2882.903467 951.575109 2890.728525 10.158825 0.333333 1.452158 
1040.644397 2408.193231 1065.090194 2401.243745 7.402063 0.333333 0.341169 
1777.800202 641.698894 1791.307695 638.622543 2.768624 0.166667 1.089215 
3109.909790 2309.358849 3159.617873 2295.229441 5.834791 0.333333 30.987986 
3387.630369 1587.555442 3438.303182 1573.780464 3.747564 0.166667 2.979319 
2485.497308 2065.962323 2525.864225 2081.243041 5.653491 0.333333 7.722296 
150.183959 1607.414829 144.189288 1588.636213 7.069685 0.333333 2.384084 
1753.472906 1422.082227 1786.532269 1414.189452 7.858921 0.333333 7.175730 
1896.482608 1874.094268 1909.587442 1855.776989 6.248419 0.166667 7.436168 
2562.616630 2089.410844 2528.727592 2076.012522 5.839212 0.166667 9.959226 
981.789552 1097.795394 956.542045 1104.340671 8.201061 0.333333 1.100251 
270.604648 2073.428227 274.973692 2091.732095 5.184823 0.333333 6.637961 
1157.421062 1317.739572 1239.302610 1296.594678 8.192914 0.333333 35.692705 
1056.273560 1079.328323 1003.405782 1091.813914 9.579604 0.333333 18.428336 
1148.602055 2836.506245 1121.483918 2843.812840 9.005266 0.333333 0.183518 
3489.196940 102.481849 3458.243103 111.051587 6.615759 0.333333 2.938157 
1178.874785 2828.622501 1147.989700 2836.337453 9.700899 0.333333 7.066504 
517.945481 2999.468721 525.170126 3013.307311 4.731771 0.333333 0.873742 
3869.582478 36.285818 3860.831235 5.925865 7.715249 0.333333 3.590450 
1678.265647 666.256685 1707.644161 659.715427 7.454192 0.333333 8.991043 
1921.597968 603.358978 1981.252861 587.093287 5.040846 0.333333 18.788947 
341.949538 1371.498029 336.771066 1349.696599 9.379761 0.333333 3.344297 
3651.758815 1513.938660 3576.751439 1533.910957 4.267002 0.333333 15.767994 
117.381553 1492.698931 112.661003 1473.237547 9.495849 0.333333 5.085857 
2134.201736 446.332882 2113.880463 452.827662 3.893210 0.166667 1.707479 
1329.469777 2799.714394 1366.847492 2789.276496 4.815751 0.333333 0.035229 
1411.623238 1718.364534 1451.924408 1708.323303 5.762390 0.333333 6.239413 
184.014647 1754.691490 187.043073 1770.100632 8.485375 0.333333 0.142262 
3501.677227 1721.061015 3549.397243 1709.466546 8.900240 0.333333 8.184596 
402.919254 991.088141 441.078743 981.110308 3.017887 0.166667 3.975056 
659.172083 2972.427910 630.319806 2980.826552 7.336631 0.166667 2.282727 
925.945881 2905.536180 952.900893 2898.087428 8.180015 0.333333 6.094207 
1203.946939 2821.446286 1178.700989 2827.883839 9.193182 0.333333 0.234811 
3991.894523 2046.334378 3970.591743 2052.398981 9.951452 0.333333 5.102890 
57.128262 1077.831068 3.738946 1091.973887 7.465987 0.333333 15.711802 
3992.310681 509.255745 4008.346683 567.840777 7.665123 0.333333 30.994816 
3829.310113 1052.884867 3689.078424 1090.777439 4.077168 0.333333 44.011340 
125.902927 1522.344462 117.347847 1491.897034 10.601687 0.333333 3.855706 
1283.656867 2798.863137 1254.560786 2806.646933 8.760333 0.333333 6.158597 
1008.555797 2882.653312 1045.969305 2872.339559 8.474350 0.333333 6.329473 
2859.498972 2371.074705 2829.055795 2379.467093 7.770941 0.333333 2.532504 
4312.115300 1651.809240 4300.685484 1610.042595 6.231833 0.333333 5.376890 
905.764776 1374.899410 879.389513 1381.929450 4.081944 0.333333 3.049568 
3565.588097 1123.011730 3547.926541 1128.765856 2.104618 0.166667 0.189194 
1968.535300 2613.485513 1943.511430 2619.684843 7.591498 0.333333 3.265965 
4155.881239 1086.498441 4149.190066 1059.733733 9.701425 0.333333 1.110560 
141.448328 1604.482986 148.290290 1631.516806 8.834156 0.333333 2.860841 
1335.738190 1272.418848 1350.863485 1269.270862 3.899805 0.166667 0.580641 
2225.067899 432.378632 2257.296388 423.385042 6.691966 0.333333 1.364115 
18.538093 1148.014733 31.600016 1196.948402 5.235025 0.333333 5.781464 
111.857248 1473.129852 86.856863 1381.654843 10.724344 0.333333 38.832459 
4133.734791 1028.656482 4135.619448 1044.224346 4.606073 0.333333 1.614529 
674.830139 1893.631181 633.140700 1904.435579 3.316478 0.333333 4.158919 
2027.205029 480.671590 2073.099152 469.270947 8.182848 0.333333 12.546012 
3547.129590 1129.077215 3497.346260 1142.387601 3.790519 0.333333 6.696579 
1315.176180 1278.165257 1335.326414 1270.689427 6.539108 0.333333 1.441066 
1830.029387 528.070659 1707.828788 560.767957 4.879209 0.333333 28.600215 
1549.590089 1990.566113 1541.976032 1962.755116 3.722356 0.333333 0.390941 
1862.361888 619.855735 1886.831918 612.971858 4.033052 0.333333 0.508046 
136.518578 1587.475924 141.414004 1603.643091 6.861755 0.333333 0.351212 
972.891883 1357.300589 943.803858 1365.525757 7.034554 0.333333 2.938157 
3623.523061 377.111371 3603.299701 382.527338 6.425959 0.333333 4.837664 
2741.399952 1976.643570 2731.670112 1944.062890 3.165255 0.166667 2.757607 
3677.711455 1096.589074 3809.190201 1061.188650 4.223727 0.333333 32.343510 
149.091806 1630.366981 153.877590 1649.825012 8.778788 0.333333 0.641201 
908.700442 1116.632216 880.185651 1123.901618 8.526626 0.166667 3.437697 
365.271498 1452.524930 357.130268 1423.403085 9.242320 0.333333 7.380703 
3366.400515 1972.097841 3421.722908 1956.341004 8.925162 0.333333 26.063167 
1420.065478 2300.568728 1441.229068 2294.588929 6.720923 0.333333 1.157440 
1791.724239 638.940878 1807.046798 633.619699 3.794401 0.166667 1.968876 
2478.137528 2055.592933 2456.311950 2047.066224 4.911782 0.166667 4.808852 
3889.425738 104.006959 3881.480189 75.925656 7.557003 0.333333 3.519582 
372.883833 998.407979 402.594631 990.998349 2.639129 0.333333 3.634164 
3282.530263 1999.870534 3303.424390 1993.671121 7.178020 0.333333 2.547252 
4205.348769 1268.114349 4199.238098 1248.262821 8.233087 0.333333 2.073448 
2238.422483 419.287063 2215.504423 425.153990 5.802839 0.166667 0.096702 
3212.025675 2021.158409 3247.055326 2011.263378 6.299903 0.333333 7.694839 
2724.269864 1932.431538 2737.645933 1978.625672 4.899727 0.333333 3.332938 
3984.975596 461.722497 3979.603792 440.566905 6.711019 0.333333 2.063675 
4148.618202 1056.723545 4141.657872 1034.057819 7.675001 0.333333 4.081858 
723.926759 2955.073508 702.445629 2960.418371 6.018210 0.166667 2.197548 
3430.754080 1159.790105 3411.885121 1165.657547 2.664828 0.166667 2.950083 
933.212450 1829.714874 994.580778 1813.924758 3.695725 0.333333 2.592204 
3412.617533 1168.766282 3479.353442 1150.546040 4.616922 0.333333 6.052004 
2561.579894 2039.170006 2559.911813 2061.914370 3.568757 0.083333 1.229936 
3410.914540 1165.397740 3367.964222 1177.557084 3.823440 0.166667 1.461404 
4266.909830 1490.122410 4261.419321 1472.013156 10.040689 0.333333 1.496137 
3674.725466 1094.406205 3610.641669 1111.935936 4.822818 0.333333 2.347652 
1354.535288 1094.078535 1347.610142 1068.007873 10.457717 0.333333 7.005297 
2358.842043 398.220364 2382.800370 392.910309 7.454337 0.333333 1.279259 
4174.389892 1156.277054 4168.482581 1131.431589 9.558709 0.333333 2.860841 
1098.534071 1325.045407 1079.921879 1330.127743 8.944111 0.333333 1.155270 
1497.045513 1795.025744 1481.850540 1740.631833 3.000264 0.333333 2.814026 
1462.326922 1700.913640 1430.178850 1710.356011 3.911971 0.166667 0.164733 
605.269131 1947.495081 598.985481 1926.106670 8.469704 0.333333 0.738493 
4274.863470 1519.764190 4266.213831 1489.735281 9.811678 0.333333 4.168742 
441.520592 980.587502 510.545736 961.587049 3.892836 0.333333 10.756450 
1670.923818 1444.745381 1699.339244 1436.747957 7.673570 0.333333 2.364500 
3485.819981 1561.338651 3524.420706 1550.792287 3.131794 0.333333 2.203291 
1128.348205 1317.693868 1098.414979 1325.852990 9.099462 0.333333 7.340154 
1239.911985 1296.745557 1296.196641 1281.483086 8.342882 0.333333 24.997078 
1710.230756 562.877584 1817.840829 534.545663 4.446984 0.333333 16.920944 
3418.367330 1576.529523 3351.554640 1594.429220 3.900749 0.333333 4.034846 
1347.207069 1067.702164 1341.674422 1053.201530 6.386950 0.333333 0.508046 
2493.951619 1540.245160 2454.655071 1550.453156 3.180561 0.333333 0.199911 
3407.873990 2220.543842 3431.465249 2214.120170 9.648708 0.333333 2.625644 
167.626918 1698.274020 172.156821 1713.414668 9.099436 0.333333 0.777743 
2547.188567 1525.523380 2507.633242 1536.324030 3.128669 0.333333 4.013904 
1840.574033 1305.444551 1888.488353 1291.911462 3.221993 0.166667 2.679020 
2569.039249 2005.665054 2570.688570 1968.018259 4.259590 0.333333 1.069036 
1378.819418 2312.913315 1400.361579 2306.376072 4.819206 0.333333 1.063250 
759.732783 1870.707237 724.269255 1880.231248 2.363141 0.333333 2.461192 
527.251874 957.314319 551.863542 951.823639 1.875232 0.166667 2.037467 
1331.762476 1735.206343 1304.235227 1742.604962 2.667344 0.166667 1.587914 
2359.393241 2006.826987 2330.534573 1995.863017 1.658769 0.166667 3.188456 
1489.771138 2281.093718 1506.388378 2277.263701 5.152645 0.333333 6.770648 
4028.990122 2040.317656 3991.610688 2049.555506 2.462542 0.333333 8.179924 
1447.259224 2293.170507 1471.474333 2285.988733 7.017340 0.333333 3.447923 
3910.735296 216.058858 3915.297378 230.649921 4.648371 0.333333 1.614529 
1287.918476 1747.372775 1223.006770 1765.194369 4.253885 0.333333 3.918434 
2585.867866 1515.245246 2548.164719 1525.767321 3.706006 0.166667 0.595351 
3370.239628 1180.507311 3405.928284 1170.451358 4.526614 0.333333 1.973615 
1962.580989 1269.703179 1924.049644 1279.321627 5.155693 0.333333 0.157011 
2409.482715 386.021610 2432.865901 379.670990 8.235773 0.333333 2.485248 
1085.285988 823.008393 1117.061284 815.125938 2.723091 0.166667 0.556236 
1889.114467 1292.013837 1924.235284 1283.779118 3.429543 0.333333 7.343779 
3326.254581 2248.707120 3348.453367 2241.525988 5.421406 0.333333 1.353599 
718.453801 1881.808406 688.024421 1890.262999 4.058374 0.166667 1.155487 
1749.426064 1773.432741 1737.137540 1725.557612 2.854753 0.333333 1.828975 
464.746170 1478.261934 419.632006 1490.335344 6.581487 0.333333 10.246999 
1115.528752 811.505149 1085.603585 819.292709 2.433266 0.166667 4.801565 
1923.653800 1280.218454 1881.031604 1290.984693 5.166456 0.166667 0.881143 
3352.533035 1597.472794 3375.883638 1590.206101 2.901207 0.166667 3.382154 
1123.946748 1775.486884 1090.665025 1785.754735 3.862907 0.166667 1.295371 
610.940676 931.756168 567.115420 943.986502 2.594992 0.333333 0.754273 
1805.756450 1408.653619 1821.938342 1404.629726 7.241405 0.333333 1.563484 
3245.562473 1214.137705 3286.598271 1203.324793 2.894696 0.333333 4.429367 
1213.112931 1766.830709 1174.821776 1777.264613 2.265927 0.333333 0.246639 
