1207.501612 1274.551018 1213.662451 1296.370300 5.887395 0.166667 6.937514 
1241.645525 1401.009561 1249.875085 1432.670099 6.581803 0.333333 5.848413 
1621.006024 2442.057524 1700.688445 2420.863534 8.353921 0.333333 38.743751 
2617.051458 1922.444736 2634.432741 1917.061429 4.179799 0.166667 5.149875 
2766.398967 1877.617391 2666.609447 1904.644525 5.529737 0.333333 52.362666 
2885.556759 376.893403 3014.498180 855.015988 7.374602 0.333333 279.523474 
3061.910063 1015.954927 3049.499001 970.251878 5.480417 0.333333 17.235921 
3255.221093 577.329667 3226.100660 471.400607 5.790867 0.333333 68.473152 
2664.811858 1904.780563 2134.158710 2044.805324 5.500905 0.333333 283.134430 
2507.321958 2204.820598 2359.238029 2243.855380 5.583314 0.333333 69.677919 
3049.783399 969.601070 2887.583280 365.770516 6.590874 0.333333 304.898181 
3300.994516 767.687179 3320.876868 841.232761 7.043741 0.333333 33.214386 
1249.991463 1432.951793 1274.515196 1520.234398 7.667632 0.333333 43.892309 
1920.078434 320.718647 1883.470082 330.647358 5.969865 0.333333 6.054211 
2405.637003 505.672761 2417.985381 502.569443 2.958546 0.166667 0.625780 
2528.504035 163.161340 2547.584056 157.539186 3.356046 0.166667 5.921363 
3129.367166 132.774585 3136.310300 157.386926 5.891205 0.333333 8.202045 
1082.452759 508.093927 1213.500371 473.288319 6.475645 0.333333 73.061608 
1571.212351 1836.105198 1547.915703 1925.243607 4.782591 0.333333 35.364624 
2309.655056 532.893795 2364.624659 517.783217 8.797027 0.333333 10.495322 
2696.803590 427.807021 2714.532339 423.825612 5.152389 0.166667 0.432644 
2795.458304 2128.743348 2630.715965 2172.219688 5.877157 0.333333 76.217072 
3068.996332 1043.903155 3061.617606 1016.606681 6.555778 0.166667 4.971586 
3136.310829 158.849878 3237.055161 530.237048 7.160788 0.333333 263.261038 
3225.982256 470.531316 3217.978046 440.007955 5.927269 0.333333 8.189088 
3451.301551 1309.539853 3447.459643 1296.175621 4.413600 0.166667 0.262397 
1494.330160 2475.456471 1620.073456 2442.000096 8.212052 0.333333 56.887455 
2070.487722 2325.116397 2143.410728 2305.433596 6.263678 0.333333 23.346955 
2723.066702 110.412513 2795.594445 90.513633 5.396551 0.333333 52.660104 
3349.880768 931.739713 3273.874132 647.590256 6.226372 0.333333 172.482347 
2754.879307 1673.763230 2712.947984 1684.962214 5.160695 0.333333 3.441357 
3447.503736 1296.032539 3349.528102 932.170357 7.382128 0.333333 212.411602 
741.927450 594.579829 706.978493 603.529160 5.065615 0.333333 4.293447 
2941.904294 2089.484612 2906.743092 2098.881424 6.360827 0.333333 2.642363 
3217.649996 438.925623 3169.791508 261.090119 6.640590 0.333333 119.789455 
1202.495366 527.097764 1221.000032 521.981399 8.816564 0.166667 5.141003 
1213.411327 1295.548831 1241.397718 1400.751968 6.670965 0.333333 63.507520 
2630.454324 2172.473971 2507.859899 2204.613795 5.859519 0.333333 49.691771 
2795.988011 90.695029 2885.093122 66.190915 6.900088 0.333333 36.497210 
2835.346351 390.739857 2845.935637 388.140453 3.314876 0.083333 1.414760 
3237.259523 530.521217 3301.192370 767.396618 7.721230 0.333333 137.217128 
1700.011023 2415.485202 1297.976698 2523.824668 5.712919 0.333333 225.319991 
2480.532530 486.537865 2530.860562 472.733834 6.688670 0.333333 8.485153 
2571.855046 461.801867 2619.238293 448.873942 5.703508 0.333333 9.149964 
2590.769208 146.163196 2630.589737 135.493395 5.777004 0.333333 0.884618 
2763.304328 410.055788 2816.337916 396.086055 4.835069 0.333333 36.172191 
2366.104776 512.403068 2314.874589 526.226497 6.608542 0.333333 17.635461 
2358.431736 2244.307429 2315.269412 2255.504256 4.976462 0.333333 13.372207 
2714.636096 422.955406 2737.036210 417.542082 5.740980 0.166667 2.855500 
3023.487271 886.779676 3035.370795 931.941889 5.726818 0.333333 18.240054 
1548.594039 1937.921439 1598.374302 1746.939982 6.311657 0.333333 84.682596 
2023.179869 603.327018 1975.781378 616.200754 6.031487 0.333333 10.365726 
2120.711527 2047.239239 2010.403693 2073.443395 6.020237 0.333333 58.728097 
2265.779940 2013.682951 2295.565736 2005.411587 5.353191 0.166667 2.073662 
2642.953019 132.595128 2660.987441 126.741679 3.538474 0.166667 1.638615 
1607.191557 1690.062076 1590.845341 1753.465001 9.532010 0.333333 19.457182 
2432.777877 499.342205 2472.035750 488.719051 8.190900 0.166667 3.208839 
2661.265851 127.125731 2722.746022 110.475631 5.479657 0.333333 28.127370 
3325.933595 1990.569633 3142.175336 2038.037661 5.778995 0.333333 90.890714 
2129.929415 575.168375 2082.744026 587.970865 5.788862 0.333333 26.445492 
2949.828085 43.594759 2856.556966 68.167849 5.848549 0.333333 47.579087 
3056.457761 1014.154579 3062.514342 1037.036633 5.224383 0.333333 2.691345 
2147.743110 570.595012 2131.451538 575.455673 5.380352 0.166667 0.432644 
3262.586798 604.852829 3255.456816 578.169941 5.226479 0.333333 3.313725 
3513.837157 1543.848322 3486.661194 1442.603435 7.186369 0.333333 62.793795 
1513.711949 435.221830 1461.643227 449.797008 5.344746 0.333333 19.066700 
2906.180480 2098.943373 2795.752510 2128.599792 5.298075 0.333333 66.354401 
955.416915 542.353917 1008.126272 528.129713 6.397868 0.333333 16.467310 
1136.418533 546.425079 1184.480868 533.519261 3.789215 0.333333 13.121161 
3122.973030 87.317564 3117.269712 69.250400 5.333823 0.333333 6.952677 
1334.373635 2518.120195 1349.567718 2513.803306 2.428931 0.166667 0.064811 
1180.680701 1255.841855 1155.722010 1262.252680 5.286611 0.166667 5.729616 
1441.219798 455.209194 1412.822059 463.313484 5.151073 0.333333 7.125270 
3035.063703 932.363751 3048.947262 983.815832 7.566666 0.333333 8.722413 
2460.621084 486.862418 2445.526891 491.559739 3.642024 0.166667 3.115926 
3447.261119 1958.291932 3401.566748 1970.743816 5.589944 0.333333 12.273152 
838.538731 2182.095564 805.600781 2057.211072 5.778699 0.333333 59.785070 
2852.250075 69.519450 2743.850863 98.676371 6.734639 0.333333 62.353615 
839.069077 573.219959 955.123600 542.481916 6.296176 0.333333 61.916233 
3013.865783 2069.994497 2942.219053 2089.395562 5.479624 0.333333 30.623628 
3462.357858 1350.474649 3457.192803 1333.886823 6.046022 0.166667 7.826143 
1599.143348 1966.190532 1617.636606 1973.765688 5.692607 0.166667 0.905268 
924.130663 603.464008 987.668398 586.422591 5.125193 0.333333 17.491609 
1271.153106 452.566364 1226.618234 464.681107 5.152786 0.333333 15.541929 
1275.594290 456.765505 1318.245062 444.803070 5.063497 0.333333 13.924769 
2753.559154 1831.760935 2765.587117 1877.541776 6.731826 0.333333 15.587587 
1992.437027 301.503851 1971.029100 307.155651 5.472511 0.166667 0.084777 
799.289224 584.045523 826.872275 576.864533 5.153639 0.333333 0.593889 
2082.562567 2062.172061 2131.325420 2049.722404 7.214940 0.333333 16.645862 
3132.214267 1492.358602 3157.838822 1587.289658 7.477002 0.333333 47.580220 
1289.759761 2525.740349 1263.156622 2533.237214 3.390494 0.333333 2.775908 
2641.619532 443.472852 2662.100969 437.672977 3.388727 0.166667 7.238860 
3169.834800 261.180011 3122.293774 86.421031 7.431344 0.333333 95.698510 
706.170592 603.871026 679.520052 611.155665 4.059452 0.333333 2.634104 
1569.935207 420.197858 1514.271347 435.241468 4.957389 0.333333 33.731773 
1396.185802 467.539739 1371.614707 474.736284 4.652863 0.333333 6.743278 
2494.919556 2213.005293 2519.260722 2206.450621 8.494751 0.166667 1.135836 
3108.329172 33.828183 3099.878218 6.236589 6.148095 0.333333 2.924463 
2318.011626 2000.174811 2358.586280 1989.956672 7.317415 0.333333 0.573939 
2413.040934 194.059773 2483.372614 175.303494 7.407631 0.333333 18.418894 
2805.103012 391.828283 2781.696685 398.774107 8.442070 0.333333 3.789991 
1198.508070 472.045935 1137.009866 488.625263 5.478386 0.333333 30.355304 
1370.681168 474.582669 1202.092857 520.180481 5.745689 0.333333 93.716919 
1606.698173 1714.329252 1615.049495 1682.049503 6.050777 0.333333 1.584777 
2223.990886 2284.178758 2282.591115 2268.614851 7.192760 0.333333 19.909905 
845.797913 566.236967 813.084130 575.480356 5.648020 0.333333 2.231784 
812.217011 575.646999 742.234913 594.463579 5.973408 0.333333 22.086089 
957.188171 536.802419 854.318797 564.163696 5.718694 0.333333 42.010987 
1136.171247 488.917824 1011.632786 522.219180 5.462850 0.333333 75.626436 
2397.805850 1979.446601 2430.923520 1970.477227 6.585659 0.333333 1.647352 
2483.562122 174.929769 2516.299898 167.000548 5.960716 0.333333 6.667463 
3364.880712 1979.994530 3326.786822 1990.299020 4.470607 0.333333 14.603421 
1007.635018 528.451894 1082.280499 508.383257 6.827233 0.333333 26.605928 
2320.407695 2258.530612 2386.766410 2241.453050 7.441335 0.333333 25.715810 
1201.468555 1251.627200 1208.049512 1274.029980 6.139018 0.333333 2.922687 
2640.773655 2174.881807 2668.120726 2166.860429 6.908813 0.333333 6.404438 
2719.480822 1894.789483 2759.429894 1884.590006 7.292630 0.333333 7.455676 
2445.057925 491.098177 2411.487675 500.490632 5.968899 0.333333 2.220176 
3407.671589 1172.338846 3429.332750 1251.886505 8.329374 0.333333 43.979172 
3440.645545 1295.048364 3458.662325 1361.389603 8.413627 0.333333 29.847423 
1023.109786 1930.613089 1182.815548 1726.632716 7.232874 0.333333 149.084857 
2619.565889 448.885231 2641.031840 443.495276 3.550963 0.166667 12.495410 
3541.136054 1648.641740 3518.868158 1562.931923 7.715693 0.333333 43.394467 
2411.463474 499.992250 2366.275663 512.146806 7.658896 0.333333 6.896051 
2846.355368 387.470535 2863.384010 382.824277 4.659975 0.166667 2.813013 
2548.035167 157.791859 2581.696980 148.714819 6.644542 0.333333 2.976342 
3548.226355 1699.697814 3559.377040 1739.374427 7.299040 0.333333 13.260037 
1031.271276 574.622754 1135.568803 546.665353 4.655116 0.333333 50.538008 
1111.593161 1329.582277 1210.546859 1302.835903 4.664191 0.333333 26.505058 
1230.014879 1336.704201 1206.487648 1248.562048 7.491567 0.333333 38.090824 
1412.313198 463.413535 1396.792164 467.834158 4.466359 0.166667 1.122273 
1581.659530 1794.610044 1577.755994 1811.791162 3.656806 0.166667 3.705010 
1775.895983 2031.916206 1776.371578 2014.361361 4.406102 0.333333 0.185900 
3362.068026 1000.572528 3375.123951 1048.601000 8.010329 0.333333 15.129475 
1142.091881 1769.813182 1086.134087 1841.025037 7.369822 0.333333 51.487279 
3375.038215 1048.868542 3407.634361 1172.004880 8.387520 0.333333 67.940692 
1217.193331 2545.568933 1191.129751 2552.518116 3.865134 0.333333 0.545068 
1711.240924 1526.646300 1639.503744 1546.099761 5.050675 0.333333 13.636098 
2364.858922 517.524946 2406.264677 506.978785 7.930584 0.333333 3.294954 
2830.104199 1653.530127 2814.812596 1657.368382 4.545249 0.166667 1.797114 
2885.378562 65.959842 3044.379897 23.143184 6.964395 0.333333 77.475144 
1074.270086 1283.967991 1036.689437 1293.655118 5.777769 0.333333 3.834297 
2531.434434 472.573163 2557.042893 466.311650 3.890159 0.166667 6.647959 
1427.823117 465.035705 1454.772931 456.951570 8.740201 0.166667 2.268967 
3018.723830 25.366902 2952.211021 43.132996 4.897301 0.333333 24.080578 
3578.886221 1790.421792 3570.828391 1760.237017 7.891046 0.333333 2.149482 
1190.810881 2552.571507 1112.858190 2573.375249 4.749393 0.333333 16.700422 
2985.418772 1061.087067 2927.930925 1076.133500 4.804314 0.333333 3.286148 
787.748549 1992.909289 782.224442 1970.538710 5.198477 0.166667 6.370499 
3566.527877 1744.465286 3554.614695 1698.662414 8.083236 0.333333 14.591715 
962.894984 1681.945457 955.950774 1659.275211 4.705281 0.166667 0.544952 
2460.858816 1962.792465 2483.183136 1957.103120 4.529496 0.333333 0.294934 
1662.407395 394.337405 1583.748890 416.581199 6.088029 0.333333 52.197145 
2611.399580 446.360831 2559.313636 460.397295 8.311494 0.333333 7.717209 
794.979400 2018.655859 787.851015 1993.201729 5.344267 0.166667 10.864487 
2678.978213 432.769047 2696.635679 428.406374 3.867372 0.166667 4.418254 
1463.781469 406.011882 1497.992357 396.402757 5.392150 0.166667 1.255233 
2793.805152 1663.316439 2764.405576 1670.745994 4.221953 0.333333 0.514627 
1736.806864 379.131912 1764.577634 371.347933 4.914634 0.166667 4.828732 
1724.087588 2017.587643 1775.972616 2038.513080 6.077998 0.333333 15.199823 
1056.003942 1344.525693 1110.719173 1329.723095 4.727359 0.333333 5.361029 
1625.954477 1641.644916 1635.217446 1604.585569 7.276155 0.333333 11.423804 
2742.217556 1764.281730 2732.021732 1726.835048 7.678404 0.333333 12.208960 
3162.951367 1586.593879 3139.124316 1495.364003 7.256586 0.333333 39.101100 
1268.088217 2535.488302 1307.896695 2524.776543 5.065582 0.333333 5.652517 
1414.731852 419.449024 1443.956533 411.572365 5.940418 0.166667 3.082191 
3049.140165 984.144720 3055.918180 1014.024946 6.924723 0.333333 2.907506 
3400.925534 1970.469353 3365.507196 1980.196033 4.677642 0.333333 10.737972 
1201.157813 1250.032651 1180.985794 1255.666763 4.143171 0.166667 0.055701 
997.284400 525.881244 957.505130 536.693339 6.136383 0.333333 4.536704 
2368.075734 1986.657868 2397.416108 1980.000682 4.353020 0.166667 2.278616 
2897.165946 1635.420903 2878.986395 1640.478029 5.559283 0.083333 1.492214 
3274.084894 648.545924 3262.320923 605.503125 5.707046 0.333333 17.160371 
1362.338734 428.619359 1271.761760 452.699041 5.933940 0.333333 31.522297 
2668.583082 2167.976726 2691.294928 2161.185165 6.476213 0.333333 2.481160 
2131.908465 2049.500914 2235.876683 2021.868751 6.682452 0.333333 35.866991 
2018.145482 294.461534 1992.790732 300.462739 5.740115 0.333333 0.104968 
2483.395904 1956.919345 2541.465811 1941.576311 6.931853 0.333333 18.026310 
1226.132759 464.931370 1197.715785 472.919205 6.393992 0.333333 1.111082 
1274.300217 1520.649493 1280.451817 1539.431721 6.696968 0.166667 0.166374 
1424.680370 2494.133735 1446.678065 2487.474460 4.053289 0.166667 2.136449 
1461.437514 449.437715 1441.519220 455.752852 5.260363 0.333333 0.065717 
2184.269869 256.484926 2217.709782 247.472341 8.491170 0.333333 5.832182 
3102.596072 32.682262 3129.200624 132.505181 6.669497 0.333333 63.538064 
3514.327921 1570.638322 3519.283308 1588.150945 6.671374 0.166667 1.942746 
1085.975923 1841.176735 1018.326413 1928.281426 7.562071 0.333333 53.759963 
1214.035694 473.131792 1275.802127 456.273987 6.361255 0.333333 16.082458 
3014.949740 855.131542 3023.420960 886.456931 6.746982 0.333333 1.380000 
891.161969 608.777587 850.191944 620.340597 4.376067 0.333333 5.138821 
1318.865194 444.958124 1414.420123 419.544664 6.284210 0.333333 29.215814 
1577.565437 1812.056390 1571.325229 1835.808962 3.626923 0.333333 5.795297 
2662.273085 437.502029 2675.811553 433.808870 3.639611 0.166667 0.209896 
3128.436858 1575.572003 3074.138803 1589.718406 7.521912 0.333333 21.210702 
728.735879 602.899815 798.950539 584.044376 6.338649 0.333333 29.465620 
1773.677176 2395.183725 1727.631180 2407.533849 7.008101 0.333333 17.565497 
2646.840120 436.743421 2611.422203 446.132307 6.059395 0.333333 2.761295 
2820.224320 386.627183 2805.601943 390.538808 3.410666 0.166667 4.255157 
1683.881688 2001.247395 1711.648299 2012.437524 6.039285 0.333333 1.239866 
3320.669228 841.537220 3338.889437 911.349253 8.257073 0.333333 27.711555 
3519.084740 1588.533200 3548.438086 1699.292026 7.757895 0.333333 63.065094 
2143.935682 2305.199662 2178.274497 2296.195106 5.588875 0.333333 5.563377 
2085.069352 283.324429 2106.508508 277.809810 7.326846 0.333333 0.471193 
3120.326709 1448.204462 3130.317038 1485.707038 8.138374 0.333333 13.355839 
3486.760952 1442.245187 3461.980585 1350.935581 7.394693 0.333333 51.908845 
1569.425513 1953.772090 1592.472539 1963.431716 7.323988 0.333333 6.650107 
2887.669782 368.306841 2858.516658 376.946574 6.835690 0.333333 3.789991 
2986.475008 1612.746549 2959.960625 1619.259202 7.645371 0.166667 4.315533 
3458.778466 1361.699972 3514.630205 1570.221837 8.279686 0.333333 131.789523 
1656.129144 1989.391990 1673.945090 1996.676451 6.206853 0.166667 1.718577 
805.598458 2059.061546 795.365605 2019.121204 5.954543 0.333333 6.030692 
1184.986631 533.996323 1202.474468 528.954139 3.459718 0.166667 3.751219 
2744.518319 414.963299 2761.612820 410.798801 6.103414 0.166667 0.087401 
1615.267874 1681.781920 1625.666225 1641.885745 7.051715 0.333333 11.989878 
3117.668674 2043.722348 3056.857041 2059.304914 8.324955 0.333333 23.221495 
664.181878 619.899251 728.065111 602.899937 6.682698 0.333333 21.658551 
1727.420103 2407.407265 1700.618710 2415.604433 5.442643 0.333333 10.895274 
2668.755107 119.611444 2638.619003 127.864457 9.559802 0.333333 1.445999 
3000.183845 1474.003153 3050.221735 1460.392452 5.268514 0.333333 15.807426 
1093.412656 2581.717878 1185.765737 2557.409694 4.961874 0.333333 32.220952 
3138.583267 1494.913510 3122.259704 1433.023534 7.212771 0.333333 19.320777 
1598.410662 1746.612351 1607.082750 1714.772035 6.912761 0.333333 3.351874 
2296.314492 530.516777 2245.004377 545.308245 8.125988 0.333333 10.843739 
1180.050814 1721.150689 1142.288676 1769.696783 6.028372 0.333333 30.233203 
2774.424878 1883.793427 2759.016468 1827.313830 8.221404 0.333333 28.611274 
2790.791730 2134.997097 2820.656611 2126.992945 6.833744 0.333333 1.081374 
3059.027340 1458.045730 3120.639776 1441.931495 5.693195 0.333333 15.572331 
1091.892797 2579.447009 1051.866316 2589.339863 4.254097 0.333333 3.762639 
3224.064537 2020.686596 3272.198153 2008.111979 3.529859 0.333333 5.885890 
1232.901097 521.031885 1248.463350 516.899068 2.374372 0.166667 0.625780 
987.080727 586.402397 1030.749655 574.846045 5.116581 0.333333 8.282521 
2318.428472 219.492445 2345.449537 212.451614 8.100954 0.333333 0.617948 
3074.446922 9.640520 3048.414043 16.692085 2.225358 0.166667 2.283591 
1862.196245 335.582967 1840.176587 341.438847 3.736083 0.166667 4.023787 
2695.397000 423.450495 2671.249139 429.405794 6.304741 0.333333 3.109884 
2743.651678 98.790715 2668.809990 119.366555 8.407823 0.333333 49.943554 
3018.932576 2075.344530 3046.979582 2067.236780 3.782029 0.333333 4.139566 
673.403811 613.018873 655.447228 617.395658 4.296153 0.166667 0.192302 
1773.189119 1989.259307 1772.170862 2010.698421 2.462392 0.166667 0.165414 
3094.351323 6.463533 3103.909564 34.950579 6.369826 0.333333 5.400573 
1703.376438 2420.287776 1743.755732 2409.164702 8.190290 0.333333 20.512500 
3016.896933 1055.703091 3059.543517 1043.724985 3.077130 0.166667 3.087126 
3118.109352 69.735336 3107.954600 34.067633 6.011126 0.333333 12.064491 
3338.840593 911.683886 3362.463038 1000.134114 8.138487 0.333333 43.323980 
2233.151587 548.226227 2190.322959 559.475010 6.557737 0.333333 13.555942 
2696.956015 1900.962480 2719.695632 1895.503604 5.376376 0.333333 7.299847 
1866.810066 344.147732 1889.593090 337.638317 3.681230 0.166667 1.965355 
2991.531773 2091.841229 3037.272571 2079.612033 4.364854 0.333333 10.587624 
2195.306950 2292.001951 2224.718090 2283.672656 7.216199 0.166667 0.679313 
2399.578893 2237.665336 2470.918081 2219.261050 7.535830 0.333333 27.025169 
2574.338844 2191.734829 2624.847419 2178.706487 7.339207 0.333333 15.988847 
1154.956836 1262.801316 1102.216257 1276.901450 5.237002 0.333333 10.183883 
1161.928652 530.819744 1119.226049 542.584345 5.066258 0.333333 4.583194 
2853.206538 1647.155981 2830.781301 1653.663611 4.165003 0.166667 0.826524 
2923.307637 1628.825706 2898.067516 1635.404457 6.202473 0.166667 5.870936 
3575.622739 1803.125631 3588.088190 1847.786381 6.692004 0.333333 16.982498 
3609.716609 1908.037679 3600.782058 1873.084853 7.521507 0.333333 4.303702 
2027.222544 609.380918 2050.247115 603.009438 8.690639 0.333333 4.498806 
845.109885 625.157238 878.367617 615.184061 4.069708 0.333333 0.713929 
2431.796938 1970.316723 2461.179056 1962.876614 4.448087 0.333333 8.671020 
2543.265923 464.324208 2499.969984 476.492082 8.423657 0.333333 0.779954 
3181.591550 2032.081953 3221.687692 2021.185740 4.379317 0.333333 0.473598 
2849.244557 378.917192 2827.116377 385.222149 5.829592 0.333333 3.071493 
3115.330724 2049.505649 3148.188705 2040.867316 3.882209 0.333333 7.728074 
615.658576 1610.749751 525.463642 1635.025484 4.225965 0.333333 14.803208 
1709.358430 1573.065849 1659.100394 1587.144725 4.669581 0.333333 6.840191 
2589.941989 1929.015185 2616.566789 1921.961609 6.681806 0.166667 2.538491 
1262.284947 2533.371001 1217.767414 2545.570078 4.491866 0.333333 6.564896 
1807.179093 1546.718480 1771.787602 1556.560729 5.080977 0.333333 3.926438 
3021.798901 1602.857638 2989.759796 1611.976919 7.398282 0.333333 5.296521 
3559.009923 1739.803172 3573.454295 1794.287701 6.507676 0.333333 21.884231 
2316.061221 526.226105 2296.555306 530.822758 4.226613 0.166667 1.157714 
2942.829323 2104.490682 2978.908681 2095.086043 4.683520 0.166667 3.394571 
3594.805131 1873.010840 3604.141147 1908.187066 6.831087 0.333333 4.872061 
891.564674 611.907829 918.007960 605.165940 4.062647 0.166667 6.008374 
3457.892253 1333.527358 3451.460814 1309.826594 6.359224 0.333333 3.243835 
2288.259098 537.426705 2309.503986 532.262917 3.536166 0.333333 0.146973 
3592.583097 1843.269818 3585.680868 1817.441970 7.162451 0.333333 2.943329 
1813.593684 2391.154160 1843.802354 2383.196283 9.546480 0.333333 5.812125 
1186.667031 2557.355231 1269.220138 2535.051801 5.863991 0.333333 23.387644 
2162.755121 256.595687 2143.289153 261.303713 4.489168 0.166667 0.242652 
2959.921369 1619.254108 2923.690406 1628.981032 7.097772 0.333333 6.811413 
767.333230 1916.186914 746.793414 1841.553442 4.643520 0.333333 24.626531 
3048.323895 2076.401155 3097.647497 2063.761627 5.365940 0.333333 3.324480 
3112.399276 1585.135219 3149.342459 1575.500227 6.045925 0.333333 1.265940 
807.885955 2086.616287 820.363047 2135.372149 7.771152 0.333333 12.502473 
963.557477 2612.185370 938.410529 2619.155184 2.681586 0.166667 1.708082 
1888.859646 2363.045333 1853.338142 2373.827209 9.718089 0.333333 6.894491 
2519.599268 2206.472026 2561.239750 2195.446815 8.601328 0.333333 10.658871 
1198.281214 521.212011 1162.254082 530.799488 5.728270 0.333333 4.359318 
1437.862460 408.404001 1393.408506 420.423541 6.489122 0.333333 9.591236 
1844.560072 2383.132583 1868.665180 2376.273326 8.767765 0.333333 0.689231 
1864.225709 1531.321077 1836.703522 1538.738758 4.921952 0.166667 0.107615 
2727.803889 1732.289914 2753.975362 1831.390763 7.434341 0.333333 54.465228 
3026.810395 1607.878469 3112.172171 1585.509003 5.987549 0.333333 40.036073 
2862.837173 1509.438400 2910.847621 1497.792782 4.636696 0.333333 4.125820 
3494.381102 1958.536032 3538.706704 1946.521011 9.223031 0.333333 11.145643 
3585.639656 1817.476971 3579.218405 1790.965689 8.171993 0.333333 2.344588 
1882.980545 330.037936 1868.855463 333.513609 3.577518 0.166667 5.409033 
1404.319113 2499.153434 1424.890863 2493.964489 3.284279 0.333333 1.929245 
2557.318820 1937.424672 2574.106126 1933.284727 4.123939 0.166667 4.401988 
1858.817698 1704.930003 1886.879161 1696.889523 4.117964 0.333333 0.068377 
774.896614 1945.488922 769.082275 1923.201366 5.521780 0.166667 2.980326 
782.888009 1994.105310 807.476210 2086.463293 8.917944 0.333333 43.005666 
1829.573036 2380.111888 1773.891549 2395.076088 8.503025 0.333333 17.242586 
1892.307568 1692.265357 1809.315817 1714.150571 5.894764 0.333333 20.071857 
2218.494588 246.997284 2278.741140 230.771472 9.144275 0.333333 19.034637 
2210.879673 559.158018 2251.218756 549.213106 8.246919 0.333333 5.376274 
2283.502812 2268.771095 2319.522435 2258.649686 7.140885 0.333333 10.936238 
2758.932102 1826.661446 2742.495537 1764.541552 8.242686 0.333333 25.180251 
2878.509634 1639.471616 2864.971879 1643.338400 3.632888 0.166667 1.787031 
3056.206374 2059.000346 3014.328691 2070.455708 6.915239 0.333333 5.156177 
3098.403633 2063.032735 3126.717007 2056.218530 4.645092 0.166667 2.512263 
3533.599708 1939.981000 3500.694602 1948.397126 8.477114 0.333333 8.664889 
2065.996575 591.947386 2043.840917 598.172858 6.016979 0.166667 2.177033 
2239.560219 810.068150 2214.044035 816.886421 3.663667 0.333333 1.132761 
2926.902656 1493.227940 2999.533511 1473.715008 5.207118 0.333333 23.273859 
3588.251696 1847.425401 3594.156310 1872.885825 6.070302 0.333333 3.109884 
928.204841 1328.406732 950.671706 1322.039810 4.971193 0.333333 1.068989 
791.456584 639.055449 845.684751 624.599138 4.267424 0.333333 7.681522 
945.527888 1616.334212 926.986421 1548.435920 5.143400 0.333333 18.489810 
1348.689613 2514.431122 1383.412513 2504.693068 7.088343 0.166667 0.616696 
1768.615179 1561.217135 1810.789908 1549.994739 4.493728 0.333333 3.300786 
2128.403383 839.231239 2075.480127 852.549303 6.992170 0.333333 13.253887 
2925.039603 2099.764939 2959.919634 2090.088132 7.087351 0.333333 4.797500 
955.304423 1655.079816 945.896802 1617.431790 5.155012 0.333333 1.635536 
2821.016608 2127.075844 2855.526742 2117.760970 8.484986 0.333333 2.341057 
2691.939813 2160.870158 2740.593894 2148.007339 7.389841 0.333333 23.046396 
3047.172909 2066.852511 3093.428736 2055.626521 5.448569 0.333333 6.956300 
587.866842 640.885205 608.119258 635.602984 2.641734 0.166667 5.007907 
3429.519189 1252.115161 3440.487252 1294.410721 8.558092 0.333333 16.112798 
885.965009 1339.479374 910.368436 1333.353017 3.252468 0.333333 1.188458 
1776.153815 1951.905266 1774.073633 1988.250835 4.702047 0.333333 6.724751 
2732.221068 1726.414411 2720.130624 1684.517666 6.536865 0.333333 8.370805 
3127.004742 2056.126008 3155.464688 2048.755944 5.385500 0.333333 0.648865 
1069.230047 2588.723927 1094.110003 2583.184734 2.867408 0.166667 2.392208 
1770.986024 1510.722632 1712.962111 1526.266967 4.291449 0.333333 12.837451 
848.546791 620.974687 788.993263 636.677223 4.076960 0.333333 10.188300 
1868.435070 2377.762571 1893.224860 2369.622402 9.075535 0.333333 0.901480 
2394.544610 199.430211 2412.545114 194.166702 6.700443 0.083333 0.294654 
1361.034392 483.392703 1393.123857 474.736748 8.908506 0.333333 3.883879 
1051.653526 2589.800493 980.187744 2608.997173 4.664946 0.333333 12.582776 
1550.189340 382.834883 1587.027551 372.414290 4.763393 0.333333 0.115075 
927.986034 1566.911720 945.555226 1633.402556 6.637194 0.333333 15.767240 
1996.082852 2060.486447 1987.136829 2030.924035 4.423620 0.166667 0.728543 
2184.718196 560.634263 2162.188283 566.774506 7.347319 0.166667 0.734691 
609.118175 634.675382 663.834704 619.877240 6.557004 0.333333 12.654960 
1669.619394 1541.522559 1736.896475 1523.203867 5.594523 0.333333 12.200990 
967.412189 2615.367766 1016.440131 2602.692875 5.301536 0.333333 0.486858 
1687.712578 387.464835 1661.365543 394.606870 6.889793 0.333333 9.126430 
3033.779921 1613.392171 3066.923992 1604.558826 2.857765 0.166667 1.442753 
3554.821623 1698.687441 3541.179083 1648.880843 8.255601 0.333333 18.259389 
2722.839514 1713.200868 2727.823447 1731.955138 4.689397 0.333333 1.876324 
2969.564991 1630.099383 3009.444449 1619.639788 2.664453 0.333333 4.571956 
1979.279308 2029.692240 1970.312003 1991.654106 3.659275 0.333333 0.593889 
2161.334513 1197.378592 2220.802047 1181.278964 4.779235 0.333333 18.068060 
626.269011 625.460042 578.803063 638.551282 5.152381 0.333333 10.549790 
2189.340119 249.243228 2173.226549 253.508626 3.805416 0.166667 0.262397 
3142.965238 2037.497155 3117.991893 2043.851906 6.343615 0.333333 4.395568 
1822.120109 356.473117 1846.526619 349.419546 3.247825 0.333333 1.500136 
1964.119640 2352.296652 1984.143423 2346.123801 8.417709 0.333333 1.311331 
993.801794 579.914986 939.767554 595.717294 6.734482 0.333333 10.931047 
2916.337533 1082.484490 2948.538601 1073.329821 4.302641 0.166667 1.461040 
1771.164631 1556.338583 1709.744118 1573.218130 4.876726 0.333333 13.894981 
1776.947066 2001.990033 1779.143544 1976.746098 4.060945 0.333333 0.294934 
2115.008626 268.652753 2100.831938 273.705603 4.021230 0.166667 0.200231 
886.919404 1389.543257 954.342044 1371.750123 5.019002 0.333333 6.594875 
3064.723727 1591.895444 3021.372669 1603.794960 7.870833 0.333333 12.475553 
974.299230 1316.578433 1009.852721 1307.494810 7.735632 0.333333 2.028887 
1976.317568 2000.448382 1985.983785 2038.352277 2.945620 0.333333 5.503205 
2182.095748 825.226842 2128.692731 839.065811 6.584966 0.333333 16.303388 
1626.420691 1613.619923 1614.181704 1661.506115 8.759966 0.333333 17.548645 
1856.024773 1537.093832 1895.800048 1526.268155 4.938844 0.333333 5.832569 
974.945362 1728.908858 962.614734 1680.755664 5.124393 0.333333 8.881404 
2754.793315 2144.576594 2789.770389 2134.497041 6.718570 0.333333 7.190137 
2988.868952 2082.360588 3018.275303 2074.973306 4.763982 0.333333 1.368968 
2224.510870 817.402310 2269.427512 805.828797 5.688364 0.333333 1.757192 
964.585794 1312.642498 931.173084 1321.819337 7.283202 0.333333 8.599086 
1780.092984 1956.890840 1780.508256 1938.067271 3.914507 0.333333 1.188458 
939.389125 595.675781 891.750236 608.926449 5.479038 0.333333 5.361029 
1743.535220 2410.150173 1783.524288 2398.861448 7.897106 0.333333 18.523400 
3102.471978 1440.181133 3049.032878 1455.696653 7.628838 0.333333 19.392684 
1713.978977 379.311042 1687.842720 387.188428 6.748804 0.333333 1.239866 
1755.842228 1517.755065 1794.693497 1508.165340 5.215379 0.166667 0.347530 
1617.738321 1974.086113 1633.455836 1980.409639 5.254899 0.166667 2.813013 
1259.127144 513.453158 1303.914225 501.411253 4.879733 0.333333 6.842568 
1803.983949 1719.133272 1859.739926 1704.517071 4.895320 0.333333 17.559956 
1755.994348 366.834135 1714.327576 379.561871 9.828984 0.333333 7.339321 
1986.485212 2038.827195 1996.394688 2076.999688 3.589587 0.333333 6.137769 
3539.629582 1946.593937 3584.795861 1934.726794 9.159686 0.333333 11.144330 
896.318683 1446.396782 903.269298 1474.647044 3.355807 0.333333 2.783278 
823.022843 2143.149478 827.758544 2162.913290 7.534318 0.166667 1.357061 
951.352379 1322.584643 973.766856 1316.041665 5.473651 0.333333 0.514627 
2965.235516 1069.153365 3016.531552 1055.577309 3.910491 0.333333 7.408173 
1836.178260 1538.924323 1806.550490 1546.922985 3.806573 0.166667 0.194607 
908.180155 1476.859240 898.839463 1444.170843 5.151311 0.333333 0.174781 
927.011507 1548.088466 913.209510 1496.517841 5.238345 0.333333 8.416663 
947.086828 1638.663489 970.030200 1726.109026 6.458501 0.333333 26.475036 
3074.574505 1602.612654 3133.415374 1586.698638 3.718686 0.333333 16.263608 
2636.757732 1150.174320 2594.515720 1161.165809 2.550361 0.333333 4.139566 
3519.052632 1562.717015 3513.543313 1544.250202 5.649406 0.333333 5.844273 
3600.170011 1866.116564 3593.605306 1843.346910 4.360187 0.333333 2.513842 
2781.452471 399.089967 2718.674181 416.370155 9.309685 0.333333 26.381899 
1933.125559 318.129229 1920.515397 319.795565 4.525682 0.166667 2.311805 
1779.150921 1903.110546 1776.008948 1951.819135 6.035671 0.333333 0.234588 
1906.633033 1519.729807 1864.507748 1531.116121 5.022718 0.333333 2.085780 
2873.939991 1094.114554 2914.533037 1082.423738 4.641349 0.166667 3.556295 
826.003044 2183.148816 805.235402 2189.312254 2.924899 0.166667 3.705010 
1327.636821 495.240815 1351.155124 488.215206 3.559344 0.166667 0.055701 
2260.765919 1167.437975 2225.474040 1176.271910 3.580899 0.166667 3.890337 
3063.031510 1040.276612 2985.731065 1061.020249 4.031576 0.333333 13.643776 
925.325254 2626.951516 959.405960 2618.246206 2.601183 0.333333 1.048655 
976.988985 1755.952299 982.027717 1773.441140 3.065703 0.166667 0.879049 
1919.012488 2362.947985 1940.197390 2357.685903 7.528765 0.333333 1.194446 
994.973962 1809.238954 988.788865 1782.008132 3.902676 0.333333 1.117380 
1272.565642 1493.005974 1266.784198 1470.976888 5.960930 0.333333 1.523924 
701.679301 663.626715 740.702420 653.421028 2.013483 0.333333 3.487995 
1995.030950 1474.046406 1985.015858 1454.053966 3.096499 0.333333 1.647669 
2117.370358 2301.655938 2085.584147 2310.477801 7.849876 0.333333 3.422507 
3233.047925 2027.748268 3259.716107 2022.292292 8.822980 0.333333 0.884618 
1839.757899 341.909124 1820.021761 347.794032 5.505893 0.166667 4.310606 
888.921389 1406.087737 881.277944 1377.947646 4.497517 0.166667 0.485659 
1946.666122 1900.679631 1930.937814 1840.543185 5.562800 0.333333 9.810366 
1211.914929 1294.525087 1182.891277 1302.246464 3.200808 0.333333 1.132761 
1791.149474 355.059317 1755.704935 364.669809 4.213608 0.333333 1.977065 
353.576801 698.616110 322.170980 706.765619 3.989680 0.166667 3.567382 
899.027616 1443.793650 888.993753 1406.640379 5.082337 0.333333 2.037119 
322.008447 707.392576 285.298222 716.857586 3.127095 0.333333 1.473089 
1930.957105 1839.947630 1924.603757 1815.894752 4.059026 0.166667 3.125119 
3045.178644 1456.504405 3017.697651 1464.073413 5.651886 0.333333 1.383752 
1928.888095 1851.143382 1938.305620 1882.698030 2.540136 0.166667 2.813013 
1982.950695 2011.069962 1975.301600 1986.585524 3.652514 0.166667 1.683745 
618.112268 1146.879254 609.594622 1121.384017 4.680611 0.333333 0.068377 
882.493605 1395.795913 896.042858 1445.850253 4.826305 0.333333 4.872061 
1651.356377 349.889677 1624.696077 356.854104 2.806572 0.166667 2.474365 
1946.355218 1916.700567 1953.257078 1945.593449 2.727662 0.166667 0.350603 
767.293779 1935.514074 782.736653 1993.815667 7.609556 0.333333 9.732273 
2311.969208 1153.486763 2264.437417 1165.864685 4.372452 0.333333 0.043415 
982.660401 1774.167475 999.547701 1838.079367 5.472749 0.333333 5.107616 
2310.253496 795.418386 2347.857848 785.827534 2.921007 0.333333 2.214522 
2879.330635 2121.702580 2916.915315 2112.031680 4.353803 0.333333 0.673122 
2582.850175 1164.557762 2550.560061 1172.872821 2.308789 0.166667 0.700292 
905.440223 1482.821983 915.586876 1518.491424 3.762915 0.333333 2.143691 
1031.107776 1294.762325 1013.783924 1299.870377 4.795867 0.166667 0.690857 
1888.130669 1480.646730 1823.303552 1497.559400 4.785383 0.333333 4.771695 
2745.479810 2157.597126 2807.739346 2140.472859 4.882464 0.333333 3.250169 
255.985837 724.458230 214.398995 735.713656 2.552724 0.333333 1.117380 
3037.024849 1033.672280 3001.600301 1043.371740 1.856677 0.333333 0.994095 
788.192584 637.132571 756.807487 645.367701 2.754383 0.333333 1.437312 
522.094961 1635.078781 502.878054 1641.084878 1.985228 0.166667 0.064811 
587.955423 1039.974171 582.520828 1015.760603 4.972963 0.333333 1.878200 
2350.891665 1142.761696 2316.493541 1153.106600 3.599978 0.166667 3.344551 
1964.959513 1985.144499 1974.260527 2020.654983 5.326569 0.333333 2.799964 
429.546584 677.499388 401.422398 685.227994 2.956200 0.333333 2.857727 
2604.788875 133.500863 2585.386929 138.439763 2.640030 0.166667 1.659840 
2384.339176 1134.230870 2359.038085 1140.519483 2.130819 0.166667 4.747033 
1529.368318 440.598771 1564.328638 431.693001 2.098340 0.333333 0.729623 
2411.854703 764.298445 2369.668807 775.483165 3.960796 0.333333 1.831874 
2303.017886 1158.958033 2332.096704 1151.488040 4.498395 0.166667 1.046263 
869.448400 1347.777979 877.452239 1378.301411 2.762631 0.333333 0.998980 
616.726805 1613.834169 642.417899 1606.794465 2.732700 0.166667 0.043439 
1020.519208 572.083619 993.959067 579.760622 7.371414 0.333333 1.584777 
562.304895 988.733673 568.415998 1004.741115 3.072317 0.166667 1.659840 
945.578758 1369.218642 911.483770 1379.302149 3.054692 0.166667 0.087401 
502.042386 1641.232566 460.821697 1652.588957 2.084891 0.333333 0.185900 
