2452.333515 695.768131 2588.751696 773.271921 5.509412 0.333333 105.248481 
1332.218109 3911.215805 1349.059276 3919.981582 4.061864 0.333333 2.775258 
1817.513193 4367.654498 1843.480114 4320.689104 5.906359 0.333333 19.655946 
2733.705508 505.530565 2612.711539 435.431106 6.523712 0.333333 93.782150 
3006.771146 1594.566454 2992.038021 1586.574472 5.658693 0.333333 0.923013 
1816.306402 3450.324580 1828.814918 3426.649958 3.463090 0.166667 1.407157 
1052.191811 2649.792386 1115.652403 2685.309489 7.505318 0.333333 29.625321 
2100.155502 490.522282 2393.188385 659.598723 6.752666 0.333333 168.137157 
2918.408991 612.984686 2731.924006 504.639144 7.200109 0.333333 121.907094 
1408.186663 4354.268948 1326.672242 4306.873571 6.833828 0.333333 49.184581 
2339.740448 623.742362 2137.013411 506.635394 5.801180 0.333333 134.008556 
2205.958042 3666.381244 2225.585625 3629.930708 5.587604 0.333333 17.705470 
316.842221 3726.930623 346.763791 3744.563711 7.845858 0.333333 2.435769 
361.287156 3463.312924 381.978911 3476.213289 6.776935 0.166667 2.049489 
1084.218989 2746.260304 1118.016146 2688.061786 4.844766 0.333333 26.791229 
2604.670119 2940.793505 2624.658055 2905.786616 5.270033 0.333333 8.464532 
497.337161 3832.329161 580.745000 3880.765865 6.134130 0.333333 53.683375 
2033.093765 105.287473 2089.323218 138.602644 6.408994 0.333333 54.032830 
386.729494 3768.039632 428.482086 3792.170003 7.484940 0.333333 20.692061 
631.999065 3910.410905 851.611296 4037.672979 6.749940 0.333333 135.361591 
997.247582 2886.357210 1025.141543 2839.089698 5.207034 0.333333 15.075472 
2368.566585 3364.617311 2393.330489 3319.487758 7.041821 0.333333 18.280432 
2563.180130 406.780320 2401.838670 312.834120 6.550028 0.333333 105.273596 
620.222355 3507.382216 654.243598 3450.546344 5.392969 0.333333 33.301229 
2136.295939 506.955089 1978.258720 416.321448 6.921430 0.333333 105.227629 
704.053926 2885.424274 726.670705 2849.247281 7.819593 0.333333 10.728511 
692.450607 3376.477762 656.552895 3437.421558 6.137783 0.333333 30.353586 
1989.914293 428.113059 2099.235127 490.868661 5.542579 0.333333 69.938491 
2393.466277 3319.371191 2445.796505 3229.272585 5.584785 0.333333 58.528811 
2222.682926 209.238445 2153.804564 169.103976 6.845767 0.333333 37.492430 
2089.326748 138.208542 2339.193268 282.525429 7.176149 0.333333 181.676133 
2755.862635 2672.010850 2813.111909 2571.867516 5.129705 0.333333 53.683375 
3002.897008 1599.770205 3021.437707 1610.466240 7.162532 0.166667 6.702481 
1243.482772 4257.511847 1145.017746 4200.057980 6.651886 0.333333 71.220210 
2437.460054 339.613184 2666.163967 471.854690 7.156544 0.333333 146.498496 
2852.817752 2497.959889 2901.829088 2406.756859 6.390254 0.333333 62.184947 
3004.965567 1078.336480 3026.264585 1090.448422 5.454026 0.333333 3.359789 
985.115323 2610.221175 1017.990559 2630.022929 6.205439 0.333333 19.719313 
503.918255 3539.236582 417.222733 3489.704220 6.200988 0.333333 62.241757 
656.396342 3437.844682 572.867612 3580.474265 6.114236 0.333333 82.253564 
1094.719051 2666.279387 997.103892 2609.892716 7.328181 0.333333 60.563235 
1329.540299 931.973219 1351.879194 894.377492 5.170632 0.333333 15.705410 
2393.095620 660.674697 2451.963309 695.475621 5.481386 0.333333 36.049538 
2045.243486 3954.864039 2168.625612 3735.749158 5.751869 0.333333 140.276765 
428.971811 3792.565773 475.597663 3819.780244 6.477371 0.333333 21.767929 
2695.699904 2777.468152 2723.839365 2727.126876 5.684946 0.333333 14.824137 
1945.499622 4136.807932 1953.406907 4122.025798 3.508363 0.083333 7.350076 
2893.470240 1905.420263 2901.631235 1892.965275 3.581415 0.166667 1.228833 
702.074862 3376.990160 719.414212 3346.897594 4.440817 0.333333 9.307835 
719.598923 3346.261820 745.442502 3303.015940 4.971919 0.333333 17.157266 
2338.549582 282.044959 2437.341692 339.472518 7.463701 0.333333 53.358233 
856.244447 3120.471035 902.848949 3040.980294 5.873479 0.333333 56.855988 
1568.360179 4447.366520 1453.692066 4380.546974 7.101480 0.333333 85.578571 
1548.310476 563.743130 1624.464805 435.444380 6.179148 0.333333 82.871536 
1711.751746 876.802177 1767.688425 782.128510 5.824726 0.333333 55.783552 
3026.526054 1089.779915 3044.655844 1101.438261 6.737495 0.166667 1.772474 
644.985718 2986.501570 697.631455 2896.376351 6.091910 0.333333 53.852029 
782.596350 3991.884598 702.172028 3945.114243 8.062494 0.333333 40.028254 
2418.246721 670.422321 2354.658823 632.233785 5.792069 0.333333 45.577956 
67.415634 3434.687753 21.685366 3513.738415 4.793390 0.333333 20.764099 
563.894150 3574.309747 504.319040 3539.470693 5.906375 0.333333 45.826460 
1442.472352 742.761525 1449.030020 730.986718 3.817160 0.166667 1.967125 
1352.125550 894.027706 1367.266793 868.858717 6.861934 0.333333 1.768404 
813.786256 3190.270042 855.516043 3121.055676 6.454060 0.333333 30.366618 
1453.207464 4380.484178 1408.637486 4354.384438 6.549692 0.333333 25.284843 
1762.429133 209.513446 1828.489564 93.869205 5.727582 0.333333 62.951883 
1814.265243 704.312668 1824.218637 686.786201 5.461544 0.166667 3.563184 
1953.960226 4121.644360 1977.856231 4078.670624 4.864769 0.333333 11.355339 
2826.976522 2023.730410 2881.166597 1927.178975 5.527862 0.333333 56.055748 
3475.526162 1350.014817 3507.671726 1292.178319 5.950649 0.333333 33.584150 
2449.109056 2457.499359 2485.661864 2441.961724 5.664028 0.333333 6.727272 
3369.060972 887.412070 3429.025060 922.473489 6.704217 0.333333 29.612828 
1695.769966 903.739690 1711.068506 877.129982 5.905496 0.166667 14.906748 
1733.089287 260.783366 1762.323285 209.631200 6.975997 0.333333 29.482150 
2167.412058 3737.279593 2205.974752 3666.496547 7.191925 0.333333 34.538764 
997.583708 2610.647923 946.952338 2581.405380 7.455580 0.333333 25.187344 
1416.612869 787.426154 1423.711755 774.702364 3.725419 0.166667 1.101642 
1327.295492 4307.421601 1243.394302 4257.265513 7.031602 0.333333 55.199159 
1847.798002 647.931572 1870.934366 608.818590 6.743307 0.333333 7.197154 
446.248048 3512.915313 467.362564 3525.640124 7.714075 0.333333 4.003701 
2403.380612 313.934189 2223.109886 209.401065 6.987392 0.333333 107.853694 
2696.376429 489.338075 2739.732531 514.653476 5.397299 0.333333 18.997142 
1594.022374 1073.667040 1607.989775 1050.543320 4.725066 0.333333 1.314814 
2616.785209 784.531583 2418.531796 670.845435 6.831420 0.333333 144.424083 
2018.245948 4006.360892 2042.069018 3961.979144 7.166612 0.333333 18.280432 
2153.937074 169.220113 1865.472026 2.477147 6.987535 0.333333 178.372270 
2959.983709 1780.261401 2969.316644 1763.800639 5.077861 0.166667 2.215218 
486.484767 3536.287907 565.352288 3582.714837 7.227409 0.333333 65.314924 
2666.287732 471.971478 2696.941763 489.583099 6.294523 0.333333 6.816075 
2663.695203 2320.942976 2757.244922 2153.187153 6.298566 0.333333 96.359137 
403.923540 3482.658747 357.842774 3456.114952 6.179165 0.333333 19.602811 
1274.462462 3877.044542 1294.625658 3888.616302 4.002070 0.333333 2.664614 
3102.437216 729.667150 3124.244773 742.467240 7.296102 0.166667 0.431820 
1738.364046 3110.161256 1762.218964 3122.457715 4.146562 0.166667 4.565370 
1906.507424 31.619269 2027.841279 102.726182 7.027457 0.333333 99.071247 
2553.291140 3035.716758 2577.120565 2992.570260 7.201728 0.333333 12.248410 
1026.744584 4132.103903 969.356512 4099.407450 7.412703 0.333333 30.602754 
1116.466808 3780.421565 1028.176927 3729.285344 7.747898 0.333333 49.550774 
1406.875565 3948.124027 1339.038207 3908.704590 6.893477 0.333333 35.189678 
383.768366 3759.511755 298.242466 3710.084674 6.352967 0.333333 54.053669 
572.796386 3586.676318 620.713680 3507.422856 5.496307 0.333333 36.333077 
599.021194 3891.224994 614.526450 3900.368167 6.597998 0.083333 1.446550 
1299.557385 3885.306213 1229.578355 3845.269560 7.098945 0.333333 37.192293 
2293.674220 3502.863257 2322.305019 3450.738022 6.171774 0.333333 22.127826 
2384.779456 2480.286955 2331.525453 2503.905316 6.568738 0.333333 19.423713 
586.597237 3877.711825 503.167087 3828.941340 8.415272 0.333333 49.967402 
902.881174 3040.484413 922.246766 3006.897886 4.741523 0.333333 16.910623 
2418.485079 2471.423579 2448.670655 2457.812911 5.763793 0.333333 6.960868 
1146.161795 4200.940073 1026.765817 4132.388057 7.105865 0.333333 92.652243 
1229.512795 3845.068605 1116.880184 3780.615941 7.969444 0.333333 66.690608 
1883.941373 4237.862980 1874.627195 4253.277389 3.964609 0.333333 0.903367 
2499.017561 3133.602843 2514.358746 3104.947096 6.333846 0.333333 1.713388 
613.452129 3899.730816 631.867002 3910.313944 5.281787 0.333333 2.917552 
922.328584 3005.902740 956.151097 2950.666334 5.438249 0.333333 33.845637 
2976.530884 646.230131 2925.042781 616.950703 7.200566 0.333333 22.361189 
1509.846368 4013.979015 1521.506330 3991.051802 3.753209 0.166667 0.498494 
3035.903884 2162.725705 3077.346015 2088.246028 5.512580 0.333333 42.700398 
802.750364 3198.643036 788.550738 3222.637206 3.701198 0.166667 3.198304 
840.349394 4025.195676 801.442355 4002.620644 7.287906 0.333333 12.581327 
1509.913932 4008.453576 1407.234568 3948.397390 6.615951 0.333333 51.002678 
1980.336831 4074.795790 1994.116129 4049.235446 6.429766 0.166667 11.786637 
2589.188159 773.430998 2612.805262 787.851464 6.155185 0.083333 6.744394 
1423.660291 774.472700 1442.453115 742.430311 6.542198 0.333333 0.629627 
2724.251125 2726.803536 2755.632240 2672.408043 4.664038 0.333333 31.908427 
502.999288 3828.678927 384.040550 3759.953911 7.430727 0.333333 69.569332 
944.318103 2586.972884 985.078110 2610.665387 6.558598 0.333333 13.336783 
1675.611435 938.117069 1695.411348 904.250091 5.229776 0.333333 12.323598 
1994.810839 4048.912496 2010.586084 4021.142800 4.694477 0.333333 10.337076 
3045.135962 1101.415081 3068.116207 1115.639206 5.920966 0.166667 9.839276 
579.726015 3879.558858 600.498711 3892.582710 6.337667 0.333333 1.922962 
1124.717238 2684.129425 1094.916319 2666.847013 6.616616 0.333333 3.176756 
1449.581547 730.746464 1476.536142 684.910816 5.197685 0.333333 19.841951 
1482.875230 674.227678 1518.164486 614.398290 6.102337 0.333333 27.469459 
1532.713287 589.887235 1548.254262 564.453986 6.162891 0.333333 7.399419 
1628.474480 4482.540042 1610.074218 4471.546896 5.652619 0.333333 1.110116 
287.398047 3704.751693 251.720281 3683.383327 4.708085 0.333333 15.020573 
780.023132 3247.263971 813.889473 3190.833437 5.791370 0.333333 29.657621 
1338.677874 3908.406313 1299.629322 3886.119522 7.148923 0.333333 14.189613 
1823.988444 686.897634 1847.326062 648.141209 7.104599 0.333333 8.096714 
2331.168959 2503.941697 2298.901360 2517.475953 6.135002 0.333333 6.180699 
2612.624957 435.243688 2561.841706 406.011306 7.319358 0.333333 19.798702 
2943.765207 2331.532120 2989.820462 2249.625478 5.583574 0.333333 52.595785 
570.337418 3112.237534 587.615474 3082.302389 4.991598 0.333333 7.524219 
2629.275128 2897.537744 2641.125392 2876.972756 5.029189 0.083333 16.604073 
3330.709465 865.043406 3368.280160 887.869616 5.720348 0.333333 10.910791 
903.022714 2563.301984 942.359654 2586.036412 6.184762 0.333333 19.689620 
1013.613221 3726.940026 1052.386023 3749.400664 6.720768 0.333333 15.518572 
2253.837249 3576.583943 2280.475537 3527.367543 7.695153 0.333333 18.723723 
2514.522030 3104.458272 2551.573339 3039.038250 5.303991 0.333333 27.750953 
2641.124034 2877.157306 2655.241860 2852.201125 5.209726 0.083333 13.424150 
1854.228891 4301.930127 1895.734448 4227.071821 6.699961 0.333333 62.754786 
3077.347192 2089.083507 3099.961485 2048.451415 5.604499 0.333333 8.254501 
1671.565195 4516.138602 1692.863718 4528.985879 6.079943 0.333333 6.119533 
1161.528085 3812.775608 1199.350677 3834.131866 6.530828 0.333333 21.003137 
2472.664309 2443.208808 2447.394940 2453.191177 5.109559 0.166667 5.004447 
3091.203021 714.199299 3076.487421 704.994627 6.645220 0.333333 1.800069 
1016.020899 2628.323919 1052.004253 2649.535201 7.231800 0.333333 15.429015 
1163.990531 1206.643204 1202.728850 1142.389785 6.090973 0.333333 27.436424 
1494.163247 1236.744131 1518.961382 1196.619373 7.132898 0.333333 13.898344 
1536.012383 4437.797103 1566.856837 4455.656369 8.312146 0.333333 11.301938 
1885.797329 18.575904 1906.284809 31.556507 5.916271 0.333333 1.585492 
2992.122579 1586.139434 2946.828659 1560.406784 7.384464 0.333333 21.654673 
616.606678 3034.943899 644.669203 2986.519891 6.427862 0.333333 24.807019 
1609.639353 4471.419667 1568.475582 4447.521144 8.404778 0.333333 13.870608 
2651.285653 2847.743377 2642.628435 2861.112875 3.007160 0.166667 1.443495 
2811.073128 2052.690250 2826.527061 2024.186358 5.679774 0.333333 9.319696 
1777.410134 4439.496868 1799.101103 4401.717741 7.868406 0.333333 7.309231 
3197.510160 1869.689609 3204.953822 1854.661703 3.090131 0.166667 4.085966 
3061.084354 696.436535 3039.078209 683.635198 7.475212 0.333333 4.370242 
1422.360791 3962.335533 1438.611106 3972.335023 4.318551 0.166667 4.721244 
1936.191881 4152.732570 1945.071650 4137.275204 4.220225 0.166667 5.969132 
2703.668731 2755.937251 2689.232539 2781.075343 4.496913 0.083333 0.028845 
2901.634666 2407.437841 2943.607460 2332.143949 6.267746 0.333333 32.260963 
661.918573 3921.801124 604.870768 3888.153771 7.372160 0.333333 39.465941 
3559.648758 997.648474 3579.005281 1008.768563 6.964437 0.166667 3.376593 
445.237811 3302.903418 422.365085 3342.870824 4.810145 0.333333 20.961828 
2964.002507 1577.173256 2989.520091 1591.968935 6.660869 0.333333 4.639078 
567.569546 3578.501153 592.366824 3532.714386 8.242535 0.333333 2.497399 
729.813261 2355.157741 710.783798 2388.216408 4.560894 0.333333 5.468151 
801.459193 4002.292748 782.474441 3991.453928 5.409192 0.333333 1.139401 
1783.858345 755.845021 1814.085355 703.998607 6.483434 0.333333 30.659444 
2401.330924 3297.083485 2382.493239 3329.532581 5.510438 0.333333 3.585671 
3336.043135 1609.613861 3347.732656 1589.150873 5.736276 0.166667 3.106682 
360.608020 3456.865093 391.714122 3403.551811 5.669458 0.333333 19.782236 
760.703619 3279.421255 781.786380 3243.587426 6.909751 0.333333 12.997744 
1115.539215 3785.776024 1132.119764 3795.194092 4.003062 0.166667 0.801721 
1918.869824 4176.060268 1901.890729 4205.114679 4.583296 0.166667 9.631468 
969.164756 4099.401043 838.834378 4024.060210 7.931235 0.333333 84.345454 
2280.769350 3526.950079 2293.174142 3503.100258 6.077000 0.333333 9.605505 
484.823508 3824.857986 497.248718 3832.123570 5.047444 0.166667 2.520351 
1302.363539 977.187926 1313.948383 959.101737 4.127817 0.083333 6.974249 
1313.664982 958.458595 1322.230138 944.594401 4.379012 0.166667 0.564075 
1693.021278 4529.564474 1715.689581 4541.973595 6.867020 0.166667 8.877271 
2328.623092 3439.651733 2348.199402 3404.416337 5.341935 0.333333 8.225592 
1030.073293 4141.881405 1067.655822 4162.984428 9.541193 0.333333 14.127548 
3134.791950 739.984804 3118.543173 729.402208 7.543099 0.333333 2.364489 
3514.882792 1279.652768 3524.553904 1261.972863 4.180383 0.166667 2.254815 
3529.151775 979.744526 3559.066891 997.815798 6.821348 0.333333 8.359680 
375.734002 3422.471566 361.248208 3447.766045 5.738954 0.166667 4.898760 
898.315298 3037.512191 876.425568 3075.365101 8.539258 0.333333 10.402522 
1220.983398 3846.280861 1241.176030 3858.461523 4.988983 0.166667 0.938098 
1649.730054 4494.641050 1629.046601 4482.431313 8.222637 0.333333 3.821451 
2445.749393 3228.909510 2477.722564 3172.895288 6.057126 0.333333 30.159173 
411.992702 3360.693179 399.007636 3383.110323 6.259222 0.166667 7.153756 
609.079578 3503.676660 630.730016 3466.213303 4.549087 0.333333 9.023724 
1843.249123 4320.223869 1855.775855 4299.945999 6.380680 0.333333 4.329403 
2985.691944 1066.349674 3000.218833 1075.052945 6.221151 0.166667 0.284382 
3547.086681 1222.006143 3564.252153 1194.298892 4.100145 0.166667 6.173430 
986.890593 2905.128499 996.101048 2889.658426 3.470412 0.083333 3.228605 
3239.174014 810.964980 3330.338969 864.858840 7.829625 0.333333 58.686245 
3592.715573 1016.635887 3615.664723 1029.590197 6.197578 0.333333 7.519572 
467.474402 3282.737927 494.986533 3236.495144 5.221514 0.333333 8.198993 
1019.793362 3724.893827 999.337991 3713.189681 5.113010 0.166667 0.446588 
1613.864015 1040.313173 1643.681527 991.451810 7.414416 0.333333 19.882790 
2238.350041 3606.426670 2250.161631 3584.693801 5.530707 0.333333 2.140602 
399.181715 3382.485774 375.904167 3422.758847 5.798506 0.333333 15.249228 
1667.131423 4505.223076 1650.236014 4494.443987 7.376602 0.166667 0.300755 
2442.925151 2455.617523 2408.448648 2470.143176 5.823999 0.333333 10.359852 
3432.918568 924.385979 3468.087379 944.784783 7.244968 0.333333 10.203934 
2919.149796 1543.790798 2879.926092 1521.875920 7.090983 0.333333 9.838567 
2924.871461 1554.403040 2954.027818 1571.593775 7.263402 0.333333 4.738323 
2936.131828 1035.561188 2986.097619 1066.865791 6.777030 0.333333 24.935863 
382.364243 3476.025254 435.847132 3506.818112 7.681310 0.333333 24.165476 
1521.924830 3990.653934 1558.835469 3927.085913 5.893165 0.333333 13.052304 
3531.393496 1249.595817 3541.141360 1233.195951 5.372590 0.083333 2.305650 
589.210794 3530.530927 574.412058 3556.362351 3.875226 0.166667 3.528409 
92.858312 3389.213621 81.202947 3408.474730 2.375362 0.166667 2.706600 
467.947367 3525.946083 486.111749 3535.995169 8.238641 0.333333 2.097064 
232.370935 3678.180389 316.427335 3726.736049 7.240505 0.333333 48.280922 
3108.713222 2033.450082 3139.072181 1978.516832 4.720950 0.333333 16.074403 
592.652841 3074.842159 609.429742 3046.907877 6.442068 0.333333 6.742758 
660.153287 3441.115097 672.010911 3422.284865 7.169729 0.166667 1.012373 
1569.365751 1113.912937 1582.727438 1092.872529 6.046220 0.083333 7.944216 
3494.933224 960.610978 3528.737267 979.531078 7.155138 0.333333 7.565629 
1624.221156 435.529552 1647.834062 397.470021 7.210052 0.333333 12.684857 
1632.722397 4493.774769 1654.449618 4507.237176 7.946321 0.166667 11.079667 
3147.735895 1959.210091 3163.591664 1928.364886 8.612737 0.333333 3.933026 
2926.249720 1842.214387 2950.583152 1797.423186 7.377066 0.333333 16.570195 
3559.205649 1193.492667 3576.625765 1165.470064 7.172892 0.333333 5.995931 
116.137638 3350.927999 93.562491 3389.122407 5.084701 0.333333 2.160617 
1048.422850 1395.318367 1068.621229 1362.177436 5.968451 0.333333 7.724323 
1293.433343 995.158210 1302.222155 977.671237 4.913069 0.166667 0.884555 
1356.361499 4332.528858 1390.704858 4351.732181 9.889943 0.333333 17.110180 
3034.945219 1610.596471 3007.043447 1595.068399 6.800440 0.333333 9.979213 
2665.191525 2833.008135 2683.039950 2800.457543 7.389128 0.333333 8.645755 
695.691633 2414.909898 679.609899 2441.522316 3.924910 0.333333 0.709445 
710.488890 2388.575375 695.298241 2414.907603 4.871830 0.166667 3.137369 
1768.048176 781.830250 1783.265229 755.706684 6.575177 0.333333 4.639078 
605.604176 3889.406872 587.043555 3877.280221 7.646089 0.166667 1.237245 
2780.228286 2109.739800 2811.174906 2052.170605 7.815678 0.333333 24.465863 
3048.278084 697.860502 3061.976985 705.789046 7.288939 0.333333 0.730632 
3178.203760 1903.066363 3194.666528 1872.606963 5.527188 0.333333 10.320902 
407.427536 3378.001482 425.193139 3349.573932 8.745085 0.333333 4.952170 
1972.539428 455.263509 1989.315503 428.088271 4.938108 0.333333 5.519423 
422.388860 3342.158621 412.358359 3360.331715 5.962197 0.166667 1.610453 
1613.000084 4482.064405 1632.386210 4494.849872 7.614981 0.166667 0.162887 
2759.993698 2133.298237 2742.663915 2163.576535 3.535371 0.166667 7.700106 
702.007426 3945.006374 662.561027 3921.574418 8.170515 0.333333 19.614078 
673.791339 3420.818119 686.102198 3399.459102 8.957247 0.166667 1.807199 
779.334967 2269.351907 751.597566 2317.436026 5.120069 0.333333 10.380840 
1549.366009 1146.497904 1559.559985 1132.005115 4.675357 0.083333 0.652417 
1371.280032 862.528772 1409.391727 798.639321 7.796394 0.333333 28.584506 
2477.777611 3172.366694 2498.679760 3133.996271 7.585637 0.333333 14.413083 
814.678345 2207.721058 802.892332 2229.359944 4.302357 0.166667 6.089761 
932.877707 2572.336199 918.103815 2564.414509 4.372206 0.166667 0.142094 
2355.215296 633.004236 2340.208304 623.804751 4.985426 0.333333 0.880286 
1661.347460 962.939783 1675.423000 936.865518 6.843113 0.333333 3.303539 
3306.802082 1663.084961 3325.622474 1628.809988 6.207388 0.333333 12.862254 
910.552159 4072.004568 930.554861 4083.249762 4.933726 0.166667 0.938098 
1643.912727 991.301341 1656.789228 969.324744 5.935818 0.333333 2.443896 
2379.944081 2488.138830 2419.752653 2470.213701 6.331917 0.333333 11.727633 
876.060381 2607.675220 890.435367 2581.639959 5.061735 0.333333 1.164624 
1018.200906 1447.470623 1030.200084 1425.941492 5.960242 0.166667 2.014149 
1502.971074 4418.423784 1520.841883 4427.630372 6.288488 0.333333 5.460752 
552.745097 3129.868221 527.127906 3175.059790 3.884973 0.333333 1.026579 
2813.572649 2570.840405 2819.866754 2557.760139 6.715908 0.166667 0.689269 
2919.556771 621.803002 2947.879900 637.569823 9.356419 0.333333 6.897478 
630.885655 3465.568629 652.603040 3428.341288 6.478733 0.333333 2.102023 
2611.176121 786.474179 2571.835521 855.069257 4.337304 0.333333 12.736194 
1239.235034 4262.997105 1295.284205 4295.839840 10.035562 0.333333 25.125609 
3018.578939 1669.618200 3027.053204 1653.800779 5.985987 0.166667 1.099727 
3287.855885 1697.977777 3306.673196 1663.580773 7.882832 0.333333 9.959149 
1091.925229 3771.792731 1107.299667 3781.179440 4.163473 0.166667 5.969132 
1536.505517 2456.660057 1512.482304 2497.955469 4.597169 0.333333 6.816075 
1828.671563 93.440168 1863.681976 32.725377 4.489394 0.333333 15.536932 
3047.529679 1094.436514 3028.820955 1084.130798 7.171703 0.333333 2.443896 
1520.637308 1191.268140 1534.637557 1172.688984 8.246580 0.333333 1.539528 
1842.336826 4310.985363 1819.938343 4352.181293 7.644989 0.333333 10.155203 
2834.636731 2532.012693 2840.110430 2520.998098 7.217605 0.166667 1.086584 
3449.262470 1397.364857 3475.703001 1349.971152 7.721783 0.333333 18.130845 
146.175098 3298.456661 131.674437 3322.507718 3.897696 0.166667 1.702594 
847.150418 2656.307137 875.416202 2607.796654 5.502281 0.333333 6.846149 
1937.508088 4144.766464 1929.283105 4158.068178 2.345272 0.083333 0.096702 
740.728589 3274.436063 760.425918 3241.020808 2.874415 0.166667 0.347070 
3347.570946 1588.537411 3360.789196 1566.231562 5.575964 0.166667 0.902842 
822.986722 3164.450967 809.683995 3188.144881 6.597506 0.333333 2.732694 
2881.230051 1926.490001 2893.866510 1905.321459 5.382943 0.166667 5.774147 
1138.163396 1250.152505 1163.971621 1207.385908 4.742386 0.333333 16.908330 
2300.692654 2160.130428 2321.900100 2123.139390 3.874981 0.333333 4.076781 
2993.613505 656.925798 2975.993197 646.610768 7.735508 0.166667 2.435537 
1409.967486 798.553163 1417.287854 788.423352 4.196519 0.166667 2.706600 
347.258757 3744.961218 386.592506 3767.701510 7.625957 0.333333 24.404844 
802.419767 2230.988919 792.597334 2245.692572 4.161881 0.166667 0.676083 
1214.246573 1122.558500 1244.155816 1073.479662 7.755667 0.333333 18.566398 
2988.968040 662.578083 3030.557584 686.651030 9.680584 0.333333 11.513050 
208.799832 3659.118463 189.878713 3648.164030 4.047658 0.333333 0.440782 
870.139537 1687.093672 887.881931 1657.237719 6.711651 0.333333 4.202661 
1202.522159 1141.955080 1214.549658 1122.906734 7.063275 0.083333 0.011245 
1973.160304 4108.145702 1993.324788 4073.759149 3.793855 0.333333 2.443896 
3000.757093 1703.870028 3012.488141 1682.107875 7.538826 0.083333 3.674707 
926.989065 1579.932098 913.257556 1602.443377 8.067628 0.166667 0.306148 
1717.051927 288.234118 1733.947012 260.840111 7.288146 0.333333 8.910070 
1045.773481 3639.998229 1003.909821 3713.571568 4.495685 0.333333 14.727771 
1473.749043 2564.731455 1458.753519 2590.984012 5.270762 0.166667 4.744697 
2683.028100 2800.703488 2697.180661 2775.102948 7.168548 0.333333 0.894577 
250.930169 3683.862906 229.752008 3671.242354 5.119182 0.166667 2.786353 
1066.143220 2776.980535 1083.740551 2746.508610 5.076789 0.333333 6.624320 
2997.570437 2231.750536 3024.599658 2185.031786 7.751890 0.333333 25.605866 
1339.717492 4322.281660 1356.614098 4331.537517 8.172980 0.333333 3.602361 
865.383271 3092.983676 849.898603 3119.469521 8.167746 0.333333 1.893425 
3029.186087 677.522466 3004.833768 663.574044 7.129318 0.333333 8.488678 
953.149934 2955.640449 984.977599 2904.272882 8.512990 0.333333 34.607497 
2860.501257 1516.770704 2879.065046 1527.415537 6.196492 0.333333 0.576254 
179.530439 3642.427606 144.727315 3621.294780 5.036121 0.333333 2.464109 
688.232965 3399.906458 696.912173 3386.111917 4.351020 0.166667 1.238916 
2353.475332 3392.549380 2369.259765 3363.155618 8.055722 0.333333 4.835195 
3421.455293 1448.676608 3448.974972 1397.806155 8.651197 0.333333 15.437078 
1809.739675 4369.764720 1797.801721 4390.620940 7.287151 0.333333 2.000937 
482.444988 3239.166527 459.881044 3278.595273 6.339841 0.333333 9.225800 
882.894108 1654.239895 865.034800 1684.761078 6.308401 0.333333 2.883159 
1090.813073 4177.689329 1108.917870 4186.558180 9.523464 0.166667 0.200226 
2319.612458 2514.574923 2357.478161 2497.905650 6.000132 0.333333 12.613629 
2963.481483 647.109044 2988.823535 662.367056 9.408140 0.333333 2.102023 
535.686600 3169.412108 560.356316 3128.460136 7.985216 0.333333 13.646799 
1003.911132 3718.583669 1023.454304 3685.087820 3.690260 0.166667 9.867608 
3191.793158 783.256492 3210.575231 794.946639 5.105041 0.333333 0.322857 
1802.078784 3475.741721 1812.226174 3455.181391 4.353967 0.166667 2.125882 
1490.632635 2536.103135 1479.867197 2553.430795 3.731954 0.166667 1.344432 
1044.415916 2811.900996 1058.195024 2790.213681 4.517575 0.166667 2.517536 
1093.622351 1319.805467 1113.951028 1287.855243 9.300425 0.333333 5.424563 
1561.046229 2414.097667 1541.945651 2446.916119 4.047002 0.083333 7.417499 
1088.177466 3566.905318 1054.591181 3625.027602 4.666230 0.333333 5.492202 
1072.633448 3761.680789 1091.548022 3771.312359 6.827082 0.166667 1.213728 
2580.424862 2986.805182 2598.042084 2952.473893 6.950851 0.333333 9.110549 
2578.252715 849.447755 2610.945921 792.057818 3.739161 0.333333 11.866803 
495.248225 3236.344604 510.589616 3211.555886 7.287999 0.333333 3.450434 
131.576743 3322.958883 120.646732 3342.583303 4.243775 0.166667 1.755489 
2571.514418 855.946863 2553.861769 886.579238 4.093456 0.166667 4.497353 
1532.734161 1173.333353 1545.993853 1152.446222 6.153339 0.333333 5.316669 
3263.711501 1744.632113 3273.743930 1725.297547 4.838817 0.166667 0.677702 
417.315788 3489.277001 403.391724 3480.215163 3.786016 0.166667 1.725393 
879.564428 2095.734055 849.936191 2147.198082 4.825291 0.333333 8.832338 
2968.851322 1764.546870 2979.171289 1747.257295 4.196027 0.333333 0.435642 
745.739978 3302.733963 760.283209 3279.623307 8.071439 0.166667 2.039244 
1051.733661 3635.024913 1092.917674 3564.770695 4.313701 0.333333 9.875294 
891.050548 1651.627817 909.102603 1621.465717 7.719323 0.333333 4.092094 
2931.032452 1551.194452 2919.445519 1544.257216 6.209305 0.166667 2.254815 
1300.791276 4299.478809 1333.300262 4318.693344 9.196610 0.333333 18.276273 
3326.015084 1628.322769 3335.373624 1609.863815 4.983280 0.166667 0.887283 
1409.229149 4362.604779 1435.423896 4378.943363 9.545403 0.333333 8.401062 
813.911790 1781.601433 822.419242 1767.196424 4.059588 0.166667 1.149884 
1023.749065 3684.017156 1038.446432 3658.308761 2.776926 0.166667 1.086584 
1764.323232 4464.945099 1777.261052 4440.173768 6.167984 0.166667 1.217922 
1799.003963 4401.526715 1819.612456 4364.507190 7.037181 0.333333 24.515234 
2825.232229 2551.065386 2831.905819 2537.524145 4.981146 0.166667 0.142094 
519.968667 3195.704332 535.781947 3169.953763 7.045240 0.333333 8.342002 
3024.212607 2184.089419 3039.775696 2157.106108 6.869791 0.333333 5.817618 
2555.718222 890.119482 2578.023303 849.875821 4.241743 0.333333 2.311162 
913.157826 1602.864924 887.689217 1645.876798 7.756149 0.333333 15.726166 
143.503858 3627.484393 181.145086 3649.745592 4.834783 0.333333 2.349308 
865.262210 3057.913524 898.294879 3001.245382 4.303391 0.333333 4.671235 
1562.087761 2993.998411 1535.229806 2978.824497 2.843176 0.333333 0.002405 
1076.810733 4166.968769 1091.144710 4176.792887 6.164922 0.333333 3.581368 
1448.896721 4385.948429 1476.340885 4402.747565 9.375411 0.333333 8.615738 
657.798328 2479.906254 629.345361 2529.357947 4.527043 0.333333 7.491519 
1041.290983 1851.522795 1058.119671 1823.617944 2.222973 0.166667 0.801721 
2898.079942 1470.816812 2914.576943 1442.727741 3.907646 0.166667 0.912005 
1215.403381 4249.210830 1238.967700 4262.927273 10.254855 0.333333 4.693775 
1389.766626 4352.316789 1409.306509 4362.013024 9.538725 0.333333 0.211545 
1487.848208 2266.105861 1459.625938 2249.860635 3.808685 0.166667 0.339191 
1445.001115 3015.256438 1429.525709 3041.452474 3.960315 0.166667 2.346268 
793.851343 3180.245745 804.684163 3165.288302 2.907716 0.166667 0.375855 
1762.803387 3122.416506 1787.119624 3136.858471 4.768032 0.166667 3.233688 
3361.261976 1566.044684 3370.613279 1545.062674 6.354300 0.166667 1.456965 
2842.105038 2516.874230 2852.359268 2498.264314 8.535046 0.333333 1.391083 
1635.067852 3049.139882 1660.078633 3062.870244 3.389045 0.166667 1.312300 
2644.548662 2304.066024 2619.559510 2290.020697 4.080490 0.166667 0.938098 
2885.902440 1491.577102 2898.516824 1471.340072 4.090188 0.166667 5.157721 
1476.072082 2960.881152 1445.164128 3014.827125 4.836055 0.333333 5.575425 
1618.100175 3823.883823 1631.211765 3802.714219 2.801960 0.166667 0.564075 
1458.871536 2248.009943 1432.350368 2233.505780 2.323447 0.166667 1.149884 
1878.218651 597.135458 1890.398512 576.221060 6.745778 0.333333 0.274004 
1121.246264 4194.321725 1142.016871 4205.234194 6.977593 0.333333 1.936699 
190.412678 3232.540566 177.112242 3253.277167 2.661130 0.083333 0.572550 
1132.794033 1693.514042 1146.392650 1668.543044 3.151701 0.166667 1.242968 
1938.325978 515.026538 1956.611435 482.974638 4.321681 0.333333 7.964744 
1718.591365 1343.931277 1735.167028 1314.657884 4.390447 0.166667 2.574311 
1120.408681 1715.503631 1132.469526 1694.007237 2.964053 0.166667 3.208805 
2021.893624 1540.176028 2042.662637 1552.645129 2.219013 0.166667 0.320851 
1363.335003 3155.742174 1345.586770 3187.551124 3.377624 0.166667 4.146427 
2315.951091 2117.076880 2302.630713 2138.592856 3.204156 0.166667 1.086584 
1344.582753 3188.246274 1323.081714 3225.079409 1.988472 0.166667 2.254815 
