57.531431 1768.507584 42.517084 1822.055036 6.546540 0.333333 14.812968 
630.609934 29.438088 551.307737 10.500436 6.496396 0.333333 34.562219 
1622.886825 276.516453 1570.767554 262.591440 5.872264 0.333333 13.024000 
2815.588187 750.769268 2733.340138 729.781890 5.822056 0.333333 40.321546 
3671.040092 2423.576051 3678.177469 2397.227821 6.561011 0.166667 6.966697 
3996.940047 1351.618669 3949.035610 1339.462447 4.809952 0.333333 21.636767 
4012.028512 2486.916092 3967.181355 2654.457005 5.787556 0.333333 118.292011 
4290.398942 1485.228185 4297.630603 1458.328132 6.645488 0.166667 7.447755 
2729.479251 2470.241950 2614.174786 2438.860646 5.511119 0.333333 50.676072 
3111.039914 2581.648711 3016.338806 2555.032813 4.884417 0.333333 55.978014 
3911.135482 2865.476472 3908.528395 2878.457076 5.123772 0.166667 1.376244 
3965.496034 1506.502464 3914.631216 1694.781913 5.994460 0.333333 120.043107 
4146.241791 1982.964298 4134.755960 2028.221683 5.787189 0.333333 14.615852 
4308.437040 1419.123181 4330.441786 1337.161406 6.651715 0.333333 43.053144 
4360.204101 1226.182463 4378.597889 1157.581476 6.806404 0.333333 33.670016 
471.852046 224.369069 467.906044 239.641397 5.657480 0.166667 0.539113 
565.941504 1271.035503 599.002578 1144.872282 6.271613 0.333333 66.332787 
3564.616837 1249.730045 3495.193895 1230.970369 5.088585 0.333333 46.393884 
3741.444508 986.010843 3585.162297 944.883243 5.535152 0.333333 124.779299 
3828.562511 2030.406721 3838.547891 1993.238611 6.216128 0.333333 3.948519 
490.874884 2090.949072 138.943975 1995.972134 6.109883 0.333333 217.460696 
678.125866 457.211363 690.337766 411.797762 5.234096 0.333333 18.530379 
441.869892 374.373675 456.786146 316.851959 7.395132 0.333333 26.111962 
500.783533 1511.009609 513.981294 1462.676175 5.486316 0.333333 20.781269 
547.665944 2106.091742 491.426229 2091.053281 6.922535 0.333333 27.878007 
690.538381 411.199887 705.996970 351.972085 6.104331 0.333333 25.451845 
4225.844693 1691.027976 4198.332566 1791.367389 6.319258 0.333333 51.743435 
1156.837742 2277.012185 1101.505717 2261.984722 5.599738 0.333333 26.242694 
3479.722806 1226.821912 3233.886299 1161.205965 5.347320 0.333333 133.677461 
3913.608533 1694.843882 3824.070480 2025.880731 6.635481 0.333333 158.958244 
3911.139782 2889.510803 3929.706019 2819.132567 6.599305 0.333333 30.964002 
4059.675340 2326.955565 4071.149562 2284.180405 6.184227 0.333333 15.358905 
4330.367490 1336.805571 4360.133141 1226.405367 6.513055 0.333333 79.764611 
42.839790 1822.469905 3.676266 1968.273073 5.661194 0.333333 73.371851 
807.604943 332.659605 709.512605 307.586651 6.147633 0.333333 52.917816 
1010.542668 128.434288 828.311467 79.924520 6.153844 0.333333 107.526250 
1365.759429 212.573615 1348.090641 208.265932 3.643286 0.083333 3.454965 
4330.795006 1310.675760 4318.806391 1350.828447 8.242307 0.333333 10.148238 
153.043214 1412.767517 131.332316 1493.650390 5.655113 0.333333 42.411573 
2256.942314 439.126882 2186.371437 419.981124 4.536199 0.333333 48.155489 
2032.660860 379.927348 1958.667438 360.872608 6.255032 0.333333 25.447039 
2524.711616 2414.439734 2431.231364 2387.891322 5.608202 0.333333 58.250228 
2871.637981 2513.933383 2769.827326 2484.082289 5.564280 0.333333 50.133820 
3149.568490 2592.439756 3111.241766 2581.617601 5.887274 0.333333 4.429020 
3494.598242 1231.097733 3480.237776 1226.973207 4.294417 0.166667 4.141368 
3584.684670 944.469189 3378.728379 889.288443 5.408306 0.333333 113.830823 
3865.761121 1886.017319 3886.427897 1812.998455 6.717175 0.333333 32.663363 
131.304091 1493.882580 57.038673 1768.507293 6.335952 0.333333 157.739633 
651.617335 1672.771886 677.033400 1680.073639 3.796650 0.166667 2.793281 
1101.284404 2262.006257 1030.828771 2242.393004 6.219591 0.333333 38.394868 
1418.272177 226.305993 1366.296348 212.862152 5.069913 0.333333 13.669833 
2613.712113 2439.294682 2544.139444 2420.234830 5.531747 0.333333 26.330647 
4003.953822 1366.752979 3996.691039 1391.821704 4.802512 0.333333 1.738170 
4215.960953 1101.893034 4122.883358 1076.511123 6.030644 0.333333 54.782781 
2294.671579 448.243210 2268.825889 441.470488 4.461582 0.333333 12.120766 
2541.040045 679.079736 2356.501834 629.514342 4.838367 0.333333 74.401134 
3579.328139 2974.547653 3519.869214 2958.409616 5.325843 0.333333 13.149236 
330.697851 790.986247 347.968995 727.741045 7.123742 0.333333 28.231739 
2520.551988 508.396401 2295.684660 447.903228 5.789110 0.333333 121.606181 
4198.250525 1791.571861 4145.916019 1985.703454 7.041361 0.333333 106.866010 
2642.114706 705.993433 2599.059240 694.286270 5.057950 0.333333 6.153046 
220.265444 1206.433276 239.994359 1134.544976 5.909313 0.333333 39.300261 
2092.963467 2548.711055 2066.124317 2541.313438 5.608083 0.166667 6.219867 
2187.231303 420.515994 2032.944065 380.065120 5.324893 0.333333 83.537771 
3320.736898 873.955796 3173.080484 834.541770 5.153233 0.333333 50.519694 
3902.621029 1753.908633 3908.931681 1730.174760 4.182541 0.333333 4.634808 
3962.639640 2671.746113 3936.022493 2771.980554 6.572512 0.333333 62.578037 
1349.415111 466.723195 1262.068195 443.643827 5.246732 0.333333 34.012646 
1722.082483 302.342185 1623.313517 276.163743 4.760393 0.333333 60.714680 
2688.169562 721.706866 2795.424010 750.133343 6.127724 0.333333 39.194903 
2875.286691 765.763144 2815.775036 751.259376 6.643112 0.333333 33.775025 
722.116652 51.984280 699.062440 47.100440 7.192366 0.166667 2.563197 
2400.833632 644.845846 2628.104513 705.701510 5.370743 0.333333 106.498449 
2598.187493 694.139359 2541.297690 679.051835 4.738888 0.333333 20.614928 
4088.068138 2221.521083 4103.430077 2164.796137 6.786644 0.333333 22.727161 
1958.355683 360.947567 1722.700342 302.332282 6.674787 0.333333 138.746308 
4050.254389 2343.026821 4015.223889 2475.262155 6.314825 0.333333 83.340409 
243.211504 1120.980122 285.268583 962.698159 6.834233 0.333333 92.387863 
186.427951 1333.340813 220.432715 1206.823318 6.345943 0.333333 59.595568 
3587.494204 1260.464183 3628.775956 1271.596437 6.970156 0.333333 5.159767 
3838.897356 1993.015074 3843.121215 1974.661806 4.431828 0.166667 3.022395 
3993.988915 2572.105948 4058.058364 2332.438869 6.922764 0.333333 156.517045 
185.272842 1293.939088 153.008625 1412.523532 6.047996 0.333333 51.896962 
657.087267 533.185854 663.617450 510.407820 6.192501 0.166667 3.125283 
950.094609 371.345805 823.677024 337.323813 5.990770 0.333333 66.868671 
4115.513553 2122.169446 4125.230515 2084.596248 9.285115 0.333333 5.657687 
138.348130 1996.036321 8.245353 1961.422629 5.862413 0.333333 46.649659 
625.180408 1027.088382 603.053481 1110.606052 5.112530 0.333333 42.974852 
1468.700370 238.369242 1420.120631 226.426659 6.089517 0.333333 15.294715 
4294.362998 1440.277979 4284.536659 1476.013173 5.001109 0.333333 12.381813 
2428.498531 2386.764973 2387.268781 2375.441242 5.271358 0.333333 13.040369 
295.730097 2042.740604 320.263236 2049.448166 5.378440 0.166667 2.988095 
513.928266 1462.094053 565.962357 1271.285241 5.811432 0.333333 121.606135 
2628.400622 705.826954 2687.901496 721.474869 5.027907 0.333333 22.780121 
2823.630146 757.493607 2953.654080 792.404464 6.327231 0.333333 58.908318 
2942.507487 2533.747021 2924.888112 2527.812964 4.763058 0.333333 0.285037 
2955.104510 792.592273 3048.662030 817.345213 6.860358 0.333333 41.466686 
4274.094840 1117.897925 4216.466986 1102.114747 6.073908 0.333333 13.069287 
2294.504476 452.667817 2316.644745 458.938034 4.603757 0.166667 3.789543 
3518.446205 2958.203028 3433.330501 2934.875195 5.232989 0.333333 31.413323 
2557.027866 2427.515670 2579.375703 2433.122198 2.266074 0.083333 4.628494 
11.722945 1951.832521 38.799158 1854.912546 6.019514 0.333333 48.370938 
285.306823 962.455434 330.930406 790.958629 7.015514 0.333333 95.322289 
1669.588868 2426.286497 1656.942045 2421.690511 4.197191 0.166667 0.547210 
4071.173989 2283.842000 4088.104393 2221.869370 7.222556 0.333333 21.358497 
550.815943 9.898959 529.095773 4.186734 4.898393 0.166667 3.358289 
168.894038 1397.640347 183.199976 1346.546004 5.970594 0.333333 10.103105 
474.033965 1605.882926 496.999088 1524.950816 6.532695 0.333333 32.677233 
1630.073702 536.481378 1546.487747 514.604604 5.276011 0.333333 43.815058 
3378.424832 889.519641 3321.292532 874.022320 4.620500 0.333333 26.387136 
828.072438 79.580203 803.109370 73.186022 4.592994 0.333333 6.411439 
3936.389208 2770.504055 3930.969756 2792.272037 4.173864 0.333333 3.306893 
3945.030320 2761.393977 3983.272279 2614.739357 7.315371 0.333333 89.544176 
3641.971999 1270.252710 3578.565407 1253.732274 5.946015 0.333333 27.448541 
663.249379 511.218008 678.123866 457.433296 6.690257 0.333333 20.612786 
1000.800904 2233.799510 973.554075 2225.471237 7.438573 0.333333 1.840347 
2924.712428 2528.146399 2872.063999 2513.686839 4.914875 0.333333 33.422552 
3883.340500 2993.181342 3897.759806 2938.029521 5.746647 0.333333 19.463804 
302.902934 878.071263 296.201535 905.764514 4.565739 0.333333 0.414265 
2693.142476 2719.309728 2653.319824 2708.647357 4.526134 0.333333 8.794591 
3996.997023 1392.245601 3973.524319 1479.145220 5.804886 0.333333 40.609336 
4265.855904 1546.381216 4239.553430 1641.366685 6.838981 0.333333 44.221947 
3652.685340 2475.174477 3643.765191 2508.628991 6.119384 0.333333 4.879939 
3650.070955 2503.308717 3670.889285 2424.444765 6.883803 0.333333 36.966498 
496.073891 132.907094 482.377171 183.261594 6.262363 0.333333 14.701354 
1726.917763 560.452885 1628.943764 536.110663 6.969807 0.333333 39.988602 
530.408216 4.655199 495.802307 132.262074 5.848336 0.333333 61.628428 
4122.620051 1076.327646 4065.391367 1061.528462 5.801247 0.333333 22.295897 
2453.366072 2127.322049 2461.858897 2098.995400 3.539372 0.333333 0.213229 
229.059046 1157.465119 211.270894 1223.299518 5.250441 0.333333 12.080618 
372.715967 606.418475 366.432410 629.253210 8.889426 0.166667 1.001037 
2733.108929 729.436391 2642.756233 705.783680 5.989269 0.333333 33.308084 
2523.207158 2672.843607 2475.402736 2658.886263 6.752704 0.333333 19.637910 
599.211517 1144.332107 628.985729 1030.850830 6.578251 0.333333 72.113748 
4134.777191 2027.561938 4050.199303 2342.675235 7.760252 0.333333 180.701978 
377.055666 616.922480 401.409987 524.252791 7.749172 0.333333 50.818313 
425.895871 433.198257 433.252331 405.997500 6.033247 0.333333 10.406133 
3015.733225 2555.264401 2942.340921 2533.237504 6.584078 0.333333 24.756966 
3918.032743 2840.310683 3913.202909 2860.935957 6.940388 0.166667 0.527114 
1558.237274 258.896177 1515.729575 248.929013 5.514243 0.333333 4.330909 
600.129540 1121.431760 592.068887 1153.174236 5.499684 0.333333 3.695129 
176.031198 2010.380501 202.373672 2017.540270 6.253885 0.166667 2.275848 
2065.851246 2541.089579 2025.101927 2529.351448 7.147857 0.333333 7.152161 
663.385790 1670.931042 623.013835 1659.777375 8.387059 0.333333 10.773171 
2325.196725 461.044040 2356.051866 468.961451 5.206811 0.333333 11.628373 
699.686694 46.912517 630.978560 29.249659 7.543853 0.333333 30.784808 
1048.237989 402.657455 1070.352696 408.001788 5.889165 0.333333 1.359658 
3897.948150 2937.735214 3910.977936 2890.038466 6.582090 0.333333 17.032420 
802.824442 73.050131 721.188815 52.170577 6.027161 0.333333 49.664708 
2443.300987 1841.193543 2358.734731 1819.354256 5.499246 0.333333 24.350575 
3639.422779 2524.201695 3593.236997 2511.468756 5.985953 0.333333 10.198363 
1289.370256 193.144877 1249.832434 183.708400 6.729394 0.333333 16.224907 
3929.917808 2818.906936 3944.638909 2761.621596 6.885281 0.333333 22.310215 
456.602099 316.443176 467.188225 279.109374 7.054130 0.333333 6.023881 
3674.128734 2395.224289 3652.777245 2474.951387 5.713887 0.333333 38.175267 
1286.463608 1845.898802 1239.674210 1833.266720 6.166904 0.333333 11.814936 
3049.201356 817.520301 3090.489006 828.630384 6.267950 0.333333 6.141474 
2198.944990 2195.570102 2179.576285 2168.342606 4.620636 0.333333 5.944047 
652.870033 549.672212 657.633429 533.724910 3.936814 0.166667 0.014143 
251.822414 1069.686358 239.620093 1116.613698 5.056622 0.333333 6.795092 
3233.382692 1160.892362 3213.998925 1155.809056 4.279851 0.166667 3.691948 
2156.165863 2566.496704 2142.664301 2562.011958 3.889114 0.166667 1.262709 
4282.079761 1486.933152 4277.107561 1504.441047 6.546157 0.166667 5.413986 
4239.189358 1641.493203 4226.090247 1690.748729 7.016971 0.333333 10.402396 
4366.941665 1178.143290 4330.740098 1310.092478 8.833851 0.333333 86.158155 
3578.698656 1253.939460 3565.208669 1249.348282 4.511112 0.166667 0.617497 
3972.724611 1479.266040 3965.470273 1505.923063 6.465707 0.083333 9.753975 
126.546250 1554.287951 141.756764 1496.843693 4.836777 0.333333 19.627996 
347.745871 727.436637 376.932473 617.221237 7.641686 0.333333 56.157477 
1844.164733 337.665471 1874.666539 345.778995 5.795958 0.166667 0.140800 
1992.908481 1143.991174 1962.908280 1136.491978 3.582571 0.333333 0.912403 
3930.304319 1652.151911 3934.475067 1638.154817 4.561923 0.166667 4.086415 
2244.015050 2591.723426 2229.729826 2587.042212 4.391339 0.333333 0.195006 
1239.522485 1832.513345 1209.461806 1825.264995 6.412019 0.333333 5.231539 
2898.304743 2779.969374 2883.078395 2775.794994 4.608046 0.166667 0.790434 
3695.199545 1283.578925 3648.136790 1271.827781 6.669465 0.333333 18.371365 
3586.674716 2377.635591 3643.278799 2392.540936 4.967911 0.333333 13.224103 
318.796302 817.983595 315.055854 833.291366 2.626364 0.166667 4.184697 
2260.356397 2160.447464 2250.415963 2175.486835 4.153353 0.166667 1.570791 
2809.205252 753.746034 2823.271053 757.590657 4.405044 0.166667 1.306776 
314.336415 834.042390 309.027999 854.608082 3.278374 0.083333 2.582162 
529.565363 1389.068222 521.446134 1417.112728 3.465156 0.166667 0.297931 
4297.795118 1458.038696 4307.924076 1419.322434 6.679252 0.333333 11.401328 
2211.498677 430.734644 2242.774545 439.391187 4.818827 0.166667 2.416482 
3640.928366 2538.514361 3649.699976 2503.519777 7.268579 0.333333 3.045930 
1330.709809 1857.803102 1284.998196 1845.759629 6.108867 0.333333 8.333050 
2142.388001 2562.508516 2118.912869 2556.056399 5.695240 0.166667 3.103465 
3920.322477 1688.393204 3925.372398 1670.553496 3.204153 0.166667 0.537710 
3099.833811 2836.438273 3079.312133 2830.856119 3.721569 0.166667 3.590269 
417.369068 465.747174 423.555053 440.731345 7.033389 0.166667 10.489046 
2652.933194 2708.814183 2523.560908 2672.808725 6.078724 0.333333 69.056083 
1017.983739 387.476107 949.769635 371.445710 7.313224 0.333333 39.345949 
1688.834977 682.969520 1677.147471 723.563340 3.912474 0.333333 1.320240 
3854.993128 1929.520640 3862.084259 1899.424305 6.083423 0.333333 11.140774 
482.681491 183.000684 475.780852 207.619436 5.443574 0.333333 4.985529 
857.435852 351.994659 1047.808724 402.075633 8.339850 0.333333 108.998939 
120.598416 1995.725755 170.427674 2008.872891 6.125872 0.333333 11.542082 
490.697390 2095.371736 518.102174 2103.204857 3.276003 0.166667 4.866341 
3158.819203 2556.726345 3149.415373 2591.885798 4.745870 0.333333 4.036862 
677.903208 1680.181548 710.994499 1689.281317 2.847688 0.333333 3.748981 
3906.461091 2884.928279 3888.812600 2951.470424 7.716951 0.333333 27.231019 
433.196667 405.644549 441.649967 374.654586 6.029700 0.333333 7.567917 
824.752166 338.174642 807.817517 332.853586 4.838481 0.333333 1.106645 
2389.815415 477.665539 2423.276670 486.286296 5.941475 0.166667 5.573743 
3366.001664 2915.556883 3323.572752 2903.432424 8.757823 0.333333 11.869151 
2355.585112 1822.026587 2414.837312 1837.618081 4.962450 0.333333 17.666850 
2882.966931 2775.039111 2854.970343 2768.375472 7.702193 0.333333 1.015900 
1230.050733 2297.672330 1173.494276 2281.808489 6.267408 0.333333 17.690602 
2795.624967 750.625159 2809.056316 753.411301 4.433503 0.166667 2.698886 
3931.160947 2792.242411 3918.124009 2839.717982 7.894275 0.333333 19.533638 
2218.628839 2230.131292 2257.464202 2171.437774 5.377263 0.333333 16.844771 
2942.851123 2792.816447 2913.180311 2784.184871 6.764968 0.333333 1.840347 
594.635089 2123.414656 609.240852 2127.370322 2.868887 0.083333 1.627809 
3886.364869 1812.621090 3891.941011 1793.143898 4.598968 0.166667 1.351906 
2413.505461 2264.473960 2388.009500 2362.495224 4.677477 0.333333 27.762009 
2769.620009 2483.615121 2727.471470 2470.025090 6.293122 0.333333 21.955301 
447.120946 2083.506738 481.487896 2093.241594 4.449406 0.333333 4.605934 
1076.927396 401.645117 1051.266152 395.796255 7.697857 0.333333 0.139888 
192.191954 1295.386699 184.762998 1324.474095 2.660171 0.333333 2.695580 
411.203359 461.337705 399.923857 501.678959 10.006760 0.333333 16.646201 
724.645137 594.620255 764.455970 605.323842 5.255749 0.333333 12.423946 
569.995499 1237.961359 560.840033 1273.180899 6.048958 0.333333 7.042435 
3176.249613 851.636759 3197.397780 857.484329 4.235430 0.166667 0.539113 
3832.525120 1008.070309 3741.827071 985.820375 8.934536 0.333333 47.613932 
3888.977748 2952.104341 3875.365256 3002.718963 7.608516 0.333333 9.602458 
584.430961 1180.953403 574.524550 1220.348276 5.777760 0.333333 8.675994 
1821.978409 2468.966221 1786.408732 2459.968177 5.474811 0.333333 3.606136 
2121.121907 1179.108375 2096.345638 1170.990684 5.878469 0.166667 2.482842 
3510.509411 1239.809927 3550.352864 1250.398967 6.911003 0.333333 3.584582 
3643.912967 2509.239562 3636.035784 2536.111833 3.750953 0.333333 2.944974 
3868.777962 3047.632624 3881.118426 3001.340096 6.117540 0.333333 11.942070 
3936.348380 1628.783996 3941.714391 1612.653214 2.866971 0.166667 2.783872 
1334.411525 1834.678629 1329.249625 1856.550401 4.662034 0.166667 0.904062 
134.132857 1497.137244 144.064256 1458.968895 2.068926 0.333333 1.620360 
3673.147760 2391.784426 3645.508407 2384.838979 3.906899 0.166667 1.326087 
3998.191034 1405.386145 4012.645582 1357.484723 8.914445 0.333333 16.459729 
3848.600428 1952.008528 3855.188826 1928.550354 5.109602 0.333333 6.113430 
3938.252688 1336.367438 3910.319287 1329.340216 5.458838 0.333333 0.317027 
3663.517591 970.411789 3712.748147 983.620722 6.861172 0.333333 13.215856 
594.175947 2118.863662 546.751370 2106.083775 7.754986 0.333333 22.462957 
159.152246 1433.407834 168.902558 1397.994922 5.816070 0.333333 8.568362 
461.439785 264.254421 455.293990 286.436973 6.893982 0.166667 0.705804 
4301.034094 1414.461082 4295.386867 1441.298839 8.302655 0.333333 4.482704 
210.923604 1225.035984 200.725147 1263.151796 3.415322 0.333333 1.754116 
1545.987891 514.187020 1501.595134 502.983988 5.130970 0.333333 13.505681 
409.495451 495.956361 416.762750 465.900096 7.623606 0.333333 4.378470 
3434.286116 2934.699047 3414.615971 2929.303630 6.123731 0.166667 1.483130 
2407.989510 2386.073735 2431.030868 2393.030790 6.231818 0.333333 7.455903 
1754.182855 2450.113530 1721.915714 2441.718512 6.097860 0.333333 5.966649 
2251.660219 2174.229912 2215.949506 2227.094209 5.933773 0.333333 9.644900 
1781.672061 321.378124 1816.814961 330.847810 3.808769 0.333333 6.062118 
1331.730000 2326.138598 1230.436874 2297.541354 5.760965 0.333333 35.134760 
3384.448258 2925.342876 3424.354199 2935.705108 3.315465 0.333333 2.546121 
2544.906705 2420.169837 2524.976367 2413.955149 6.030695 0.333333 0.351989 
2965.300875 2545.825744 2983.298855 2549.846847 4.045101 0.333333 4.520131 
706.526103 351.791179 710.205974 336.474025 5.119080 0.166667 1.165433 
3849.304166 1019.661705 3869.317840 1024.606356 4.467004 0.166667 1.804611 
542.993855 1340.586847 534.837556 1368.623214 3.304757 0.166667 4.214856 
1200.694442 429.087112 1161.510640 419.635546 5.825359 0.333333 5.586144 
2475.178972 2659.044302 2435.707728 2647.833724 7.257463 0.333333 14.934741 
2108.538980 2072.542117 2092.952853 2053.009826 5.082668 0.166667 2.064319 
3760.227918 3028.344664 3741.809286 3023.368217 2.951920 0.166667 1.328001 
4286.559557 1499.934037 4290.392675 1484.955307 4.231871 0.166667 0.617497 
657.329392 2136.022525 594.538058 2118.781160 8.531630 0.333333 20.524849 
3842.530799 1975.101793 3848.953073 1952.464557 6.208674 0.333333 0.760620 
39.123633 1855.209683 55.928829 1794.459047 8.586573 0.333333 24.753435 
237.695022 2027.078284 260.764429 2033.903743 4.610275 0.333333 1.198237 
2552.822409 1874.169510 2588.119238 1884.394889 4.297541 0.333333 6.144182 
1388.635897 475.978875 1350.049350 466.793135 6.427672 0.333333 5.598430 
3147.871727 1140.491927 3089.299023 1127.210058 6.258358 0.333333 21.319622 
1174.779452 2281.656961 1160.399061 2277.695089 4.025361 0.166667 1.243759 
2498.735617 2411.577661 2517.218184 2416.942737 3.396731 0.166667 0.617497 
3202.306678 2442.527728 3209.592111 2417.298660 4.037693 0.166667 4.234846 
295.937562 904.784156 286.267040 941.715806 4.894241 0.333333 6.942765 
1356.790465 1752.765839 1338.331631 1821.353430 5.477906 0.333333 23.018234 
550.182239 1312.667940 542.726740 1340.279999 3.965748 0.166667 6.779648 
3826.761387 1013.527615 3849.057801 1019.819401 4.557791 0.166667 3.165607 
3983.386797 2614.443245 3994.330507 2572.461704 7.784753 0.333333 17.944755 
2967.825931 1726.738457 3024.048760 1741.839618 4.953556 0.333333 9.400338 
3961.304346 1543.534785 3966.200709 1520.481783 5.877691 0.333333 0.511594 
482.425433 1627.300515 503.755418 1632.960097 3.524816 0.333333 1.315830 
558.796452 1281.386363 550.647467 1311.881004 4.507791 0.333333 6.217304 
2435.475050 2647.417166 2367.633062 2628.653669 7.458716 0.333333 26.934618 
3579.935781 948.166034 3615.695435 957.865320 7.545887 0.333333 3.613854 
2144.947184 2130.186105 2164.428606 2155.583882 5.556505 0.333333 1.775702 
3795.946717 3037.993998 3775.318990 3033.188575 2.711003 0.166667 2.784087 
4103.512781 2165.218572 4110.256619 2142.132536 6.177119 0.333333 1.903108 
395.713158 518.731660 372.159060 607.034482 9.987071 0.333333 47.545757 
401.716539 524.018394 408.786891 496.093127 6.703335 0.333333 7.567917 
1069.920311 408.266173 1098.946968 414.976519 4.555514 0.333333 2.546121 
1515.433912 249.018772 1480.174863 241.480421 7.426915 0.333333 9.468338 
201.139624 1234.177962 187.551439 1284.891173 4.766079 0.333333 6.388759 
2219.715196 2221.613148 2199.586557 2195.462163 4.580768 0.333333 5.142854 
1960.226105 2510.733468 1932.543632 2502.604891 7.824207 0.166667 4.751798 
3068.386904 2828.454067 3027.433290 2816.807254 5.526584 0.333333 7.864699 
1367.620324 1714.598826 1360.905349 1736.959191 3.661018 0.333333 0.662001 
717.767821 583.177641 689.753088 575.496105 8.321854 0.333333 0.192031 
279.684137 965.369423 271.638030 994.989733 4.943977 0.333333 4.160879 
708.723727 313.113665 857.178891 351.963761 8.781403 0.333333 86.532346 
1134.173729 159.091809 1098.603343 149.842632 8.879986 0.333333 7.952353 
3250.410642 2901.401460 3310.650672 2918.032010 5.108026 0.333333 12.621633 
144.518820 1458.165507 162.206272 1395.366240 4.203446 0.333333 5.328048 
535.494682 1634.862128 464.322333 1615.821868 9.337242 0.333333 40.813679 
2599.515868 530.114010 2521.404804 508.580607 5.022152 0.333333 15.750619 
574.636282 1220.702531 569.459048 1238.149940 5.940129 0.166667 0.350446 
1657.601587 2423.077706 1612.030706 2410.079119 6.881463 0.333333 11.742958 
3320.283391 2908.292780 3341.790697 2913.474884 2.688471 0.166667 0.537710 
95.776123 1988.787667 119.861333 1994.984890 4.842276 0.333333 4.836500 
889.186787 2208.969096 909.301592 2213.454221 3.570232 0.333333 0.856619 
3498.019905 924.765265 3529.353930 933.203241 2.703180 0.166667 2.618022 
3872.456670 3013.547876 3865.403045 3040.567056 7.620746 0.333333 1.083128 
153.331358 1454.797308 159.262765 1434.342455 4.007009 0.333333 1.106645 
471.893931 1579.380537 466.111692 1599.151765 5.169972 0.333333 0.373818 
852.467573 1723.013073 825.945281 1715.711595 4.559713 0.166667 0.565550 
3750.257083 993.610817 3777.144771 1000.876701 7.761693 0.333333 2.866997 
621.079524 1658.985929 588.325226 1649.902959 8.765834 0.333333 1.107118 
3982.496604 1464.761487 3995.332372 1418.259137 8.560015 0.333333 9.296297 
588.513765 1649.985123 547.951157 1638.752788 8.377185 0.333333 12.474770 
2427.974750 1841.181969 2480.685330 1855.401359 4.788087 0.333333 11.671888 
2481.048871 1855.297085 2552.201231 1874.410565 5.207539 0.333333 13.221620 
3967.549785 2654.728778 3962.695447 2671.385522 6.500966 0.166667 0.213113 
725.784631 72.531471 779.984539 87.108653 5.294705 0.333333 10.430293 
2287.123628 2127.045326 2301.239734 2106.439802 2.874895 0.166667 4.776984 
2431.284119 2392.482394 2450.064710 2398.456943 3.323003 0.333333 1.180283 
2506.923178 1857.938368 2447.041451 1842.480203 6.367072 0.333333 13.820967 
3190.081322 2483.856000 3199.909018 2449.891205 6.637486 0.333333 9.503227 
3436.420565 909.834770 3467.470512 918.087450 7.019484 0.333333 3.847141 
2812.022314 2755.143910 2774.937437 2743.788219 8.269287 0.333333 9.004862 
3184.376529 2507.247293 3189.085556 2491.417061 4.115569 0.166667 0.694443 
3954.257986 1567.498867 3959.983177 1543.569577 7.480491 0.166667 0.408845 
3592.926048 2511.318705 3540.933603 2496.407456 8.270482 0.333333 6.853652 
4270.885014 1527.845003 4265.746587 1546.012925 4.922038 0.333333 1.149372 
1875.532597 345.976440 1894.854202 351.056607 5.748125 0.166667 1.541140 
3351.548325 2929.338985 3384.363103 2938.169210 5.899193 0.333333 2.820947 
2122.563041 2090.106388 2109.474666 2072.742066 2.485005 0.166667 2.932960 
2993.749601 2807.082676 2964.133067 2799.012908 7.679919 0.333333 5.936950 
4376.432169 1145.496456 4367.051316 1177.813334 7.279370 0.333333 3.173166 
3044.485430 1386.362029 3069.406863 1391.726987 4.591421 0.333333 2.441872 
3732.791401 1293.113238 3698.813509 1283.959120 7.848141 0.333333 10.036469 
2317.208844 2075.006541 2291.398400 2113.240913 4.971499 0.333333 0.270588 
1099.496158 406.283785 1077.627582 401.802256 5.685969 0.166667 3.012713 
2165.004119 2148.893830 2133.707158 2107.973710 7.356200 0.333333 16.032262 
59.972362 1776.714563 66.632336 1749.622632 4.364029 0.333333 3.988714 
1407.102003 1566.618804 1398.263849 1601.909773 4.242878 0.333333 1.645226 
689.602278 575.400198 654.159549 565.117634 8.166217 0.333333 3.227854 
2164.840887 2155.600103 2202.559862 2206.366150 6.367256 0.333333 17.506837 
37.098047 1973.476733 79.176325 1983.925113 6.032958 0.333333 1.739736 
698.183395 350.638664 689.215108 388.965077 10.903021 0.333333 17.570298 
1357.414749 1770.101663 1370.395484 1721.480007 6.677782 0.333333 14.522794 
3045.520352 1747.267224 3118.183894 1766.654264 5.556665 0.333333 12.379487 
3384.503371 2938.893613 3415.234668 2947.088726 4.486104 0.333333 3.741477 
3879.867044 1027.626184 3903.830245 1034.368425 5.745365 0.333333 1.276835 
4305.980015 1126.819656 4274.349921 1118.217213 5.152792 0.333333 1.590697 
1636.827160 1675.612239 1624.085156 1723.381115 4.387183 0.333333 3.267509 
2190.558954 2575.866623 2170.677702 2570.432194 4.224056 0.166667 5.037643 
496.375819 1525.085249 501.295694 1511.225635 4.999744 0.333333 0.397784 
1721.737018 2441.123416 1669.956837 2426.788523 6.983348 0.333333 13.994667 
3795.357616 1307.974137 3733.478708 1292.921013 9.584699 0.333333 15.151391 
1174.302126 167.174032 1142.216081 159.354666 7.582705 0.333333 3.143499 
3414.704361 2929.472591 3365.837187 2915.506223 7.726882 0.333333 14.498783 
2458.122417 2097.197247 2448.112739 2135.944746 4.649417 0.333333 0.779243 
944.892544 643.512041 926.649966 639.043740 2.684060 0.166667 0.602215 
2276.720784 2602.404022 2251.663768 2595.099610 7.451479 0.333333 5.811716 
1085.131730 146.381767 1010.928012 128.142259 7.724220 0.333333 39.720545 
3209.312178 1154.648276 3194.246301 1151.184840 5.088056 0.166667 0.016878 
782.144720 1703.332548 747.177929 1694.285375 7.844829 0.333333 0.172433 
3310.929280 2918.272150 3350.984115 2929.323402 4.737156 0.333333 2.820947 
1378.894378 1672.597692 1371.741728 1696.072661 5.829269 0.166667 0.578228 
2016.075371 2526.516596 1960.854829 2511.054217 7.174157 0.333333 24.769902 
3612.082424 1962.350089 3566.968870 1950.274314 4.232370 0.166667 3.224456 
2338.340061 624.841255 2289.175916 611.350521 4.417738 0.333333 5.015880 
3818.193752 2021.634186 3770.973884 2008.152982 4.297689 0.166667 8.000824 
3813.019322 1303.515581 3723.705278 1279.350264 4.557369 0.333333 17.003178 
4155.876615 1971.254651 4165.701335 1935.646061 10.014443 0.333333 2.828281 
2290.572766 614.558987 2349.866845 631.392537 4.631589 0.333333 2.944575 
3205.767800 2890.068496 3245.704231 2900.316228 3.792172 0.333333 0.416039 
4130.728229 2065.133992 4135.252667 2043.048723 5.723272 0.166667 1.138364 
1354.654249 2332.112298 1332.142536 2325.904775 4.115524 0.166667 7.835552 
4109.454939 2141.000269 4114.724196 2122.326246 5.860316 0.166667 0.213113 
3069.697160 1392.007822 3095.928605 1399.572164 3.226643 0.166667 3.274371 
488.364434 193.871354 492.609635 174.817169 10.443411 0.333333 1.205678 
945.092642 117.526486 973.839035 125.574597 10.399616 0.333333 9.472559 
1349.131369 1801.457022 1355.748799 1777.809844 4.722530 0.333333 0.334089 
3651.838157 1973.262021 3622.832514 1965.462765 3.138555 0.166667 0.295598 
2062.527916 1162.808598 2020.758404 1151.387127 6.141733 0.333333 4.043544 
2017.941975 1318.798361 2054.229165 1328.661536 2.399438 0.166667 3.933124 
686.829176 405.914679 680.517968 432.149955 5.400158 0.333333 0.143911 
693.698147 1680.026846 663.580534 1670.686815 7.284246 0.333333 6.432752 
2064.831435 1331.250395 2104.604031 1340.934357 4.499038 0.166667 1.952425 
1030.641503 2241.811359 1002.184396 2234.431892 4.940874 0.333333 5.976052 
1483.778836 498.052695 1469.921446 494.649766 4.528837 0.166667 0.617497 
3858.667553 1014.684693 3832.768166 1008.269254 9.439489 0.333333 2.488917 
1425.202742 484.754632 1388.719378 475.794535 7.390527 0.333333 9.623504 
3910.044296 1329.067658 3812.198340 1303.154114 5.214073 0.333333 27.301420 
3172.681499 2552.748795 3178.209125 2527.866005 5.393417 0.166667 3.913602 
4215.358383 1755.553901 4221.209133 1733.614114 7.162334 0.333333 0.130940 
893.342191 2206.075190 839.173892 2191.365584 1.490206 0.333333 3.617041 
3839.542457 1003.708666 3884.823991 1015.088406 3.319974 0.333333 3.441563 
1056.352810 146.591775 1074.327655 150.825986 8.587150 0.333333 1.529286 
2948.915074 784.966905 2900.092678 772.752805 9.703561 0.333333 12.377645 
2447.705053 2136.762731 2436.745849 2177.756298 2.497878 0.166667 1.513269 
497.317013 165.089417 504.257688 138.419778 5.535387 0.333333 0.895607 
1320.411914 201.421116 1302.832986 196.716003 6.037478 0.166667 0.129572 
1386.780605 1658.098372 1400.297916 1610.180119 6.293593 0.333333 4.139898 
4229.024252 1705.537746 4235.465146 1679.646189 10.313753 0.333333 3.295533 
3246.272235 2413.047123 3210.100183 2403.965298 5.484290 0.333333 2.342046 
2429.182086 2219.647392 2446.133812 2153.861907 4.953417 0.333333 6.284206 
3522.289171 2360.283905 3566.871379 2371.888911 4.523863 0.333333 2.690469 
786.881441 89.330126 809.278871 92.544763 3.362586 0.166667 0.902442 
3938.703232 1026.803506 3853.444643 1003.219461 4.820278 0.333333 18.288623 
1603.672038 2407.428198 1569.969443 2397.958002 8.722135 0.333333 0.521353 
827.923576 1720.114099 874.781315 1732.884084 1.936029 0.166667 5.812067 
3440.801667 2939.980367 3474.424350 2949.194929 2.250628 0.166667 0.511542 
1131.043914 413.883149 1108.069035 408.357701 6.047843 0.333333 1.811852 
274.778358 956.685279 267.425392 989.498335 2.330910 0.333333 1.620360 
2446.443827 2153.348707 2453.407265 2127.860611 3.165751 0.333333 1.551885 
105.328098 1631.457168 113.705019 1600.444032 4.061701 0.333333 2.949129 
1050.878484 395.899041 1018.561916 387.505520 8.610243 0.333333 5.221075 
3642.625927 2392.129502 3668.883132 2400.839544 4.427729 0.333333 2.186168 
1805.870520 1093.486179 1780.397205 1086.449654 2.411070 0.333333 0.703161 
3172.967758 2857.564004 3145.098710 2851.203839 7.205813 0.166667 0.242249 
4016.501805 1049.712820 3994.693754 1044.587145 9.448730 0.333333 1.840347 
334.191381 752.743201 324.936166 790.761610 10.139372 0.333333 4.637993 
1430.778499 1478.165715 1422.067313 1511.007568 2.679094 0.333333 2.444069 
2257.411149 2170.996461 2269.252063 2153.905865 3.188008 0.166667 0.014143 
3765.509259 1293.542924 3810.840438 1306.097085 3.873627 0.333333 1.693936 
2388.089161 2375.934272 2409.569281 2291.606087 4.902236 0.333333 15.256216 
464.165663 1608.070930 459.996408 1624.212641 5.739215 0.333333 2.865380 
2336.821603 2619.554268 2314.103235 2612.787394 6.677228 0.333333 0.683865 
2015.810659 1314.940267 1939.099588 1294.140751 3.886514 0.333333 7.072508 
2291.715253 2113.434293 2259.578345 2161.594799 5.550577 0.333333 5.373731 
3382.436944 907.147045 3409.774229 914.042165 4.596372 0.166667 6.605676 
3486.530286 2481.322782 3456.356471 2472.373247 9.190992 0.333333 4.876806 
2358.262181 2625.731609 2337.158587 2619.642194 6.883291 0.333333 0.040119 
3273.741932 1178.050033 3303.861936 1185.266437 6.326717 0.333333 1.358152 
3092.047865 1137.511245 3122.778648 1146.166607 5.104818 0.333333 0.588841 
2300.139727 2609.700274 2277.316362 2601.674602 8.578387 0.333333 1.161734 
2854.802414 2767.484062 2827.006025 2760.129774 8.529401 0.333333 1.175348 
3707.169743 1988.341523 3682.072131 1981.183787 2.421221 0.166667 1.951753 
629.454711 1030.343700 666.790441 1040.923410 2.375001 0.333333 2.444069 
94.916245 1667.899725 100.066105 1651.697358 3.629166 0.083333 2.525644 
693.116200 63.155976 726.317199 72.588395 5.670474 0.333333 1.012222 
3164.170528 1412.615402 3135.212606 1404.618302 6.770545 0.333333 0.527857 
3157.874450 2610.226906 3163.160313 2590.302745 4.034216 0.333333 1.620360 
3994.726794 1041.854031 3958.164094 1031.733762 3.827025 0.166667 0.824956 
757.742894 1064.578396 795.892346 1074.608113 3.949462 0.333333 1.645226 
3772.880945 2012.752440 3801.825440 2020.803182 2.833389 0.166667 6.312921 
3711.583490 1279.218228 3749.394823 1289.300658 2.491798 0.333333 0.070349 
2434.064622 2189.291729 2423.695091 2227.942589 4.004786 0.166667 7.739350 
2070.223959 1492.630221 2057.988600 1533.458720 4.672526 0.166667 0.459396 
2413.800766 2277.066369 2420.769585 2252.457973 2.776151 0.166667 0.236689 
1677.068513 724.428176 1669.835109 750.751434 2.512856 0.166667 4.086415 
810.065853 1077.955322 866.685516 1092.607228 5.254419 0.333333 0.521353 
2444.251631 1978.559309 2469.356381 1985.690547 3.631769 0.166667 0.295598 
3151.887275 2875.582227 3179.283387 2883.444235 2.839128 0.166667 0.664433 
912.821246 112.024550 941.250217 119.496060 4.293653 0.333333 2.767488 
1693.055996 678.105980 1706.603454 628.955612 4.318010 0.333333 3.502459 
3094.169403 1756.416785 3053.396460 1745.829569 4.933036 0.166667 6.921955 
2941.863371 1719.414326 2966.422852 1726.676973 4.626891 0.166667 1.758578 
705.238551 1047.156459 654.969769 1034.471615 3.915216 0.333333 2.342046 
1704.390705 625.983933 1692.633180 667.444487 2.507741 0.333333 9.824436 
2424.414201 1974.197804 2444.008304 1978.532555 3.062440 0.166667 2.698886 
2624.499251 536.396167 2600.424161 530.148984 2.964716 0.166667 4.085065 
3388.022784 1473.482361 3354.181178 1463.802628 2.591126 0.166667 3.415731 
3826.082612 3046.511071 3805.602550 3040.704178 3.551618 0.166667 2.142527 
3011.518216 2811.882246 2992.524209 2806.492083 6.175079 0.333333 2.359507 
366.546127 629.030992 360.750691 650.915200 9.490063 0.333333 2.921034 
808.210379 1074.030170 780.840778 1067.253514 2.400909 0.166667 0.617497 
680.857068 409.440540 672.783353 438.028513 3.249827 0.333333 0.800922 
711.649730 1052.737066 756.830956 1064.543548 3.004933 0.333333 1.811852 
3805.638979 989.319686 3748.905669 974.982131 5.259289 0.333333 7.373063 
3126.054396 2869.078738 3150.875861 2875.971644 2.741667 0.333333 1.597406 
3179.430610 2884.124128 3205.507612 2889.904565 2.681649 0.166667 6.315559 
3036.180240 2844.646647 3069.423609 2852.929917 2.690531 0.333333 0.716817 
