2493.236990 1988.931451 2619.652933 1971.376430 5.295375 0.333333 65.933272 
2684.771795 1958.611016 2521.827008 1980.263842 6.343509 0.333333 84.489536 
2034.823692 2235.510454 2071.646916 1977.913709 6.904216 0.333333 134.647218 
2389.362777 1617.787216 2420.332449 1731.272597 7.339157 0.333333 56.629335 
2047.476773 2115.713839 2038.026238 2179.729491 5.470109 0.333333 25.661631 
2420.320519 1731.618762 2475.923606 1936.794077 6.640555 0.333333 156.206982 
2494.757838 1985.859767 2390.874856 1602.145769 7.536186 0.333333 232.251676 
763.299410 1909.574553 827.550925 1843.785124 5.820917 0.333333 31.350956 
2486.223616 2689.963747 2294.777572 2878.552609 6.778417 0.333333 135.969451 
243.417418 2560.325913 367.987828 2685.769922 6.941310 0.333333 99.489347 
392.489674 2280.034263 355.777816 2319.517091 5.621027 0.333333 11.383114 
2927.280382 2254.776672 2880.923761 2300.930564 6.216224 0.333333 33.670512 
397.359451 2360.145205 468.257751 2431.731511 7.045378 0.333333 45.140475 
2742.024187 1950.411265 2685.505933 1958.547948 5.146297 0.333333 15.598446 
2034.812330 2200.406384 2032.922622 2218.236034 4.576915 0.166667 2.510309 
469.175498 2433.260534 482.109593 2445.452238 5.140774 0.166667 0.753987 
1278.052580 3589.447535 1288.060495 3599.439607 5.203067 0.166667 0.397588 
2068.091787 1970.620273 2047.469140 2115.531663 6.192377 0.333333 71.352901 
1359.232685 1006.732413 1299.175461 1066.675080 5.345489 0.333333 23.337778 
2646.985371 2541.985542 2910.090875 2278.840580 6.208458 0.333333 288.393196 
1039.276257 1625.563515 1054.097791 1610.320919 6.314353 0.333333 0.680571 
1036.171920 2855.053877 1095.329118 2913.424868 7.461142 0.333333 44.365956 
800.562877 1866.796827 617.409376 2051.164087 5.927354 0.333333 112.002634 
2859.170253 2322.919497 2751.641675 2430.392204 7.064177 0.333333 94.909004 
1075.675976 1224.414080 927.595137 1373.861411 6.583857 0.333333 118.175564 
1026.138978 3328.891319 1007.520587 3309.947562 8.761943 0.333333 6.818496 
1573.492024 3594.755403 1456.134924 3711.149485 5.725662 0.333333 70.816177 
676.517243 2366.545026 721.768157 2320.498402 5.642043 0.333333 13.276877 
723.184254 2319.444397 748.087519 2294.327191 6.289198 0.166667 2.787696 
926.904790 1374.387181 895.855549 1405.869575 6.887224 0.333333 11.727589 
1538.467205 3634.718834 1603.627113 3569.867603 5.508943 0.333333 40.091010 
596.596355 1713.997634 582.313664 1729.896122 5.658480 0.333333 1.981590 
1112.135914 3424.106620 1223.665578 3535.087927 7.097185 0.333333 88.701529 
1671.929327 3501.939638 1696.884312 3476.879003 6.237582 0.333333 9.977444 
2480.795577 1515.797764 2561.965650 1434.462934 6.275898 0.333333 51.352986 
2619.149518 1971.568407 2742.146822 1953.751496 5.855565 0.333333 37.148963 
484.479716 2441.776849 456.610898 2412.044188 7.238881 0.333333 7.211475 
587.096524 2455.851534 629.492505 2413.248022 5.346446 0.333333 29.319636 
1309.143629 984.152933 1231.888546 1061.896312 5.336689 0.333333 58.494197 
1092.139101 1563.380008 800.435463 1865.485026 6.293212 0.333333 205.969042 
1575.525410 2955.524178 1536.784401 2994.285090 7.084687 0.333333 13.180474 
39.771068 2282.259907 23.408080 2298.411780 6.273137 0.166667 3.312067 
491.103237 2808.899780 518.519908 2836.490466 6.167580 0.333333 14.924401 
713.762653 3019.965589 680.726765 2988.019762 8.926541 0.333333 14.062287 
829.702551 3134.040883 800.020170 3104.941839 7.404020 0.333333 18.169939 
614.735512 2052.219722 448.058593 2220.546989 5.372861 0.333333 134.874133 
1350.323627 941.526005 1307.655596 985.138689 6.409378 0.333333 34.519548 
1857.555483 1572.444971 1916.329401 1631.172032 7.090805 0.333333 33.946969 
539.463214 2503.212208 555.001646 2487.494498 6.202291 0.166667 4.300631 
552.304211 2870.187246 591.161821 2908.848167 5.361593 0.333333 31.080639 
1728.085242 2804.296145 1712.826803 2819.105656 5.300842 0.166667 1.787712 
2476.178498 1937.056356 2486.183206 1975.479654 7.257994 0.333333 7.983415 
367.340500 2685.158157 490.361524 2808.390165 6.300018 0.333333 92.126624 
262.104819 2052.076558 194.000085 2121.507245 5.194619 0.333333 45.054308 
1697.548157 3476.304871 1717.437674 3456.181125 5.396341 0.333333 3.567706 
2384.724094 1598.332529 2389.162047 1617.598165 7.308595 0.166667 0.556248 
2571.656392 2616.655327 2646.216203 2542.456907 6.365391 0.333333 63.309218 
2880.453198 2301.699031 2858.296537 2323.331016 7.197640 0.333333 7.897695 
215.190625 2116.445511 227.633581 2103.860986 4.874821 0.166667 0.388153 
1312.298612 3128.940080 1350.796930 3167.972528 5.534563 0.333333 30.670260 
1532.573671 755.068454 1465.322918 822.825173 4.654574 0.333333 63.474504 
1753.265371 3414.512963 1688.319600 3479.571428 5.312493 0.333333 49.394675 
455.840297 2411.669656 361.160905 2316.342735 7.028856 0.333333 95.937201 
626.173880 2047.427350 657.349280 2016.096933 4.452285 0.333333 19.811540 
2480.270244 2707.739798 2501.081290 2687.316232 5.336289 0.333333 2.559263 
3059.471095 2123.203678 3029.651535 2153.414130 5.326210 0.333333 4.916624 
343.246028 2653.021988 298.062726 2608.178280 7.277732 0.333333 25.558425 
482.416830 2446.332842 538.684232 2502.566186 6.201366 0.333333 39.507225 
990.175868 2809.818130 1035.245176 2854.755935 7.138212 0.333333 28.529389 
952.924985 3264.574659 1095.298851 3407.202796 6.312566 0.333333 117.394879 
1689.567271 3478.321187 1572.285598 3596.038706 5.480337 0.333333 104.061530 
141.967616 2450.534985 116.989453 2425.508347 7.064210 0.333333 8.226017 
1646.020183 3527.283638 1671.495369 3502.647317 7.158842 0.333333 1.465162 
2038.161135 2180.418753 2034.854277 2199.881208 4.475257 0.166667 1.023962 
1534.654852 2995.886914 1503.494231 3027.249914 7.929161 0.333333 4.775251 
1591.601575 1774.102697 1607.861619 1757.861316 4.324872 0.166667 1.955002 
2957.125913 2224.599297 2927.999404 2254.251632 6.163216 0.333333 8.932252 
144.220061 2460.773951 201.883262 2518.123528 6.382389 0.333333 68.660278 
363.453891 2317.184124 391.286425 2287.571800 5.410245 0.333333 14.767921 
668.163256 2984.336351 693.290341 3009.207961 5.393557 0.333333 13.883486 
92.250385 2407.726209 115.707416 2431.828241 6.950555 0.333333 3.268616 
485.221405 2187.716413 526.349035 2146.344765 4.510901 0.333333 7.399573 
1963.054530 2520.695513 1983.060987 2540.689812 7.072679 0.333333 5.995784 
1972.617297 1686.098654 1995.667480 1708.137908 7.536898 0.333333 7.378818 
2966.514165 2221.564285 2974.284319 2214.208747 4.382519 0.166667 0.201205 
443.340202 1870.839907 266.586000 2047.836395 5.319039 0.333333 160.969820 
647.279399 2963.894238 663.945156 2979.824684 6.165677 0.166667 8.261319 
835.785028 3147.941700 923.680857 3235.075216 7.155691 0.333333 67.718803 
391.989742 2287.202223 421.940099 2254.322949 8.399072 0.333333 7.199056 
923.005477 3234.490574 952.342506 3263.912447 6.191007 0.333333 16.786163 
960.761705 2714.527098 927.265565 2748.492881 2.562770 0.333333 3.915035 
1107.132940 2917.870368 1029.499996 2840.495420 6.282799 0.333333 55.983444 
1095.758920 3407.901069 1111.920925 3423.076088 7.644935 0.166667 7.518755 
1576.987914 710.735431 1544.449788 743.202680 4.445435 0.333333 22.750825 
778.990323 3094.600408 792.674985 3106.157843 5.794208 0.166667 10.078777 
1421.384013 867.589100 1400.727201 889.545120 6.960040 0.333333 1.869481 
2032.617630 1746.058320 2048.418682 1760.426674 5.271962 0.166667 2.773030 
2211.597772 2959.041849 2193.743151 2976.265785 5.175332 0.333333 1.388793 
210.949993 2527.791196 242.918896 2559.582257 8.006693 0.333333 13.835635 
1095.712491 2913.041762 1311.729267 3128.271266 7.103328 0.333333 149.208157 
936.564425 2757.178636 983.622817 2803.891972 6.411561 0.333333 26.141096 
356.732895 2319.528334 397.759044 2360.974577 7.061972 0.333333 34.049749 
1238.125787 3539.387437 1218.169032 3519.324591 8.004130 0.333333 9.266853 
1983.219919 3193.272259 2001.096062 3176.065748 7.970370 0.166667 0.243011 
554.462781 2488.212693 586.336716 2456.336669 6.187155 0.333333 19.177465 
1930.626615 3245.644716 1952.055182 3224.521632 9.830338 0.333333 2.334304 
1145.821858 1224.573348 1174.684576 1195.927458 5.376579 0.166667 5.037487 
1291.531479 3603.455174 1310.426696 3622.076224 6.245152 0.333333 0.727204 
1442.821058 3730.322249 1498.962829 3673.959545 5.407435 0.333333 36.566059 
1776.150072 1977.604030 1885.206045 2086.046326 5.388072 0.333333 36.873820 
2294.092244 2879.084083 2231.322644 2940.092780 6.777493 0.333333 46.961660 
2534.833294 2653.618690 2545.848224 2642.088244 5.544379 0.333333 0.258650 
2580.846189 2597.013399 2567.781803 2609.104775 4.586928 0.166667 12.051209 
116.548742 2424.736243 73.559717 2382.680634 6.177111 0.333333 25.848216 
553.291288 2119.538599 620.236593 2051.492874 4.916416 0.333333 31.006827 
630.476720 2412.951297 675.555828 2366.807424 4.924605 0.333333 28.923583 
828.071082 1843.116534 863.710418 1806.190012 6.975900 0.333333 19.020898 
1243.984168 3556.006585 1277.913830 3589.574991 7.203422 0.333333 17.188905 
1359.102832 3169.647240 1149.735523 2960.264595 6.196928 0.333333 223.263350 
605.737485 2922.993195 638.482387 2955.280270 6.330146 0.333333 12.957333 
692.817831 3008.466103 782.514025 3096.249290 7.413615 0.333333 60.064916 
680.316343 1992.816801 762.755914 1910.254605 5.292789 0.333333 44.499427 
1367.675827 3170.181641 1394.024965 3144.022424 8.002853 0.333333 2.334304 
1499.624516 3673.376842 1537.928434 3635.426602 5.442629 0.333333 13.335187 
1668.712400 618.709686 1607.601708 680.104126 4.536099 0.333333 45.222328 
1927.661702 1641.082755 1972.194136 1685.303615 7.151700 0.333333 32.791970 
2534.497834 2641.955728 2514.091310 2661.627407 6.494011 0.333333 0.520075 
2602.434230 2576.114393 2581.395068 2596.422778 7.813135 0.333333 0.638620 
246.320244 2555.006528 232.210276 2541.472288 6.848686 0.166667 2.209559 
519.067247 2837.157468 552.406313 2870.116393 7.091223 0.333333 16.835679 
619.711033 1699.702710 641.925409 1676.924161 4.430152 0.333333 0.922776 
1201.078035 1169.830909 1222.402943 1148.640432 4.711812 0.333333 3.170228 
2602.054901 1045.389407 2627.547488 1069.926320 5.065999 0.333333 4.319952 
2744.339995 2438.064532 2661.001496 2519.783726 6.395586 0.333333 101.316232 
2909.419798 2279.468930 2965.745487 2221.993076 5.820626 0.333333 34.953442 
909.901993 1758.677965 939.726601 1728.455518 8.124601 0.333333 9.166813 
1543.877295 743.849168 1533.446813 754.684781 4.119680 0.166667 2.728020 
1606.951903 680.681183 1577.795227 710.300376 3.841454 0.333333 11.120009 
430.784933 2243.274373 442.844108 2230.362655 3.114184 0.166667 0.747294 
530.560916 2141.808037 553.572185 2119.786118 4.476592 0.041667 10.057244 
1440.756700 848.261380 1421.662930 866.699820 5.148186 0.083333 11.435768 
2467.712663 2720.306244 2479.594201 2709.618690 4.906022 0.166667 2.270751 
2892.351785 1826.395442 2949.898891 1883.850267 5.361458 0.333333 33.578476 
297.771829 2607.233609 245.424382 2554.566822 8.167251 0.333333 36.126627 
1281.953167 3584.302169 1261.394567 3562.237305 8.833321 0.333333 10.633534 
1349.893166 3651.381574 1318.434929 3620.311202 8.190551 0.333333 6.895326 
1825.615737 3340.587745 1753.506662 3413.516420 7.959819 0.333333 57.970283 
2979.949434 2208.713381 3007.172539 2180.916396 4.428396 0.333333 17.030910 
1453.873341 3085.124116 1482.004155 3057.004205 6.603715 0.333333 8.370307 
1740.568934 1626.820977 1751.629084 1615.342490 3.525805 0.166667 2.009100 
2079.149190 3091.639630 2044.028467 3126.534319 5.400291 0.333333 5.793475 
465.120841 1853.870105 488.888163 1830.137452 3.539404 0.333333 1.170385 
648.593703 2387.336424 558.166702 2476.928736 7.456225 0.333333 77.033693 
945.192938 1722.666101 962.396270 1704.879167 8.057027 0.166667 0.725262 
447.221367 2222.217699 401.212254 2268.719273 4.433470 0.333333 21.874051 
516.494952 1796.475443 444.215467 1870.412982 5.924343 0.333333 60.257726 
591.696062 2909.515250 605.083539 2922.436019 5.289021 0.083333 4.642562 
658.051166 2015.579285 679.708766 1993.451676 6.329140 0.166667 10.531504 
1157.006049 3459.251759 1026.786346 3329.459826 9.129654 0.333333 113.815752 
1608.471098 1757.221467 1682.886643 1682.885058 5.331514 0.333333 40.073656 
1151.612203 2962.143886 1107.769476 2918.476924 6.281262 0.333333 17.628484 
1260.627455 3561.875077 1243.766387 3544.979856 7.971938 0.166667 5.129479 
1291.426325 1073.921824 1236.140645 1128.658359 6.350337 0.333333 12.103993 
116.326869 2432.416730 144.282054 2460.702262 7.143629 0.333333 7.983415 
452.613152 2221.289401 464.423210 2208.168393 2.998482 0.166667 3.952453 
864.286856 1805.613545 909.280366 1759.246132 7.203173 0.333333 19.317880 
1472.790337 3057.786801 1430.054934 3100.075329 7.238209 0.333333 22.616682 
1603.155188 3570.657980 1645.609291 3528.106465 7.129811 0.333333 10.325679 
1959.341213 1663.158367 1936.975228 1640.510460 8.794376 0.333333 8.901249 
3116.354198 2071.381441 3135.488278 2052.936470 4.434880 0.166667 0.119791 
179.104925 2488.430563 142.241133 2450.181589 6.743921 0.333333 22.110269 
1683.503304 1682.259983 1717.127809 1648.375872 5.466413 0.333333 7.053047 
2508.318396 2679.511618 2519.854858 2668.563473 6.208187 0.166667 7.960400 
557.088772 2477.003287 541.856363 2493.180452 6.423553 0.333333 6.413490 
3007.989065 2180.489466 3057.982007 2130.482049 4.425686 0.333333 39.432811 
1224.139338 3535.848658 1243.448053 3555.314657 7.085351 0.333333 2.082720 
1420.772494 3721.741386 1381.140921 3682.602583 7.258925 0.333333 20.859993 
2115.470189 3055.464671 2105.275940 3065.308054 3.565942 0.166667 2.222619 
1712.281908 2819.776365 1682.480555 2849.989335 7.313386 0.333333 6.397340 
1870.387987 2664.135171 1857.814618 2676.560931 4.434997 0.166667 0.046012 
1791.945622 2741.908367 1748.755761 2783.775686 6.942231 0.333333 15.673074 
2513.525168 2662.271121 2486.582004 2689.086563 5.357885 0.333333 25.757767 
578.365871 1740.883906 598.206264 1720.682471 3.774469 0.333333 2.974108 
196.490376 2504.804758 179.987643 2488.745441 6.294928 0.333333 9.318854 
986.521770 2797.433321 977.120400 2789.098208 4.872994 0.083333 2.554778 
1284.378463 1770.621606 1254.668493 1740.312602 5.550035 0.333333 1.916653 
1730.661587 3441.926401 1746.818804 3425.569490 3.186923 0.166667 1.272894 
530.901619 2487.865547 488.622181 2445.105299 7.310828 0.333333 28.716976 
2620.869270 2558.476664 2602.783983 2575.349312 7.551821 0.333333 0.460331 
22.891754 2297.754574 14.115045 2307.900118 3.031838 0.083333 2.368960 
1905.476173 2463.274614 1926.782047 2484.468444 5.485217 0.333333 5.589551 
1020.185088 2831.072616 996.219792 2807.519792 6.394098 0.333333 8.720026 
1995.617814 1709.196499 2008.488398 1720.394068 7.272683 0.333333 2.796623 
223.207167 2531.798401 196.891908 2505.608011 7.948623 0.333333 7.541635 
1258.994779 1111.490461 1280.371195 1090.354115 3.761954 0.166667 8.849596 
1182.914505 1659.582074 1238.006755 1714.493634 4.429574 0.333333 10.177372 
1489.681687 3049.690244 1513.328652 3025.826805 9.198298 0.333333 2.031923 
513.816853 2823.686032 343.734381 2653.763865 8.937182 0.333333 127.099481 
1466.814711 821.815650 1440.762698 848.280030 6.388259 0.333333 1.644413 
1717.535378 3455.087022 1731.305605 3442.315568 3.208714 0.166667 3.402306 
982.730659 1682.768026 995.546483 1670.488465 4.316458 0.166667 4.154770 
785.692241 3090.580223 764.220504 3069.508689 7.336812 0.333333 6.742593 
957.220447 2769.045279 941.032849 2752.696528 8.038033 0.166667 3.012437 
996.236712 2806.292411 987.675440 2797.303157 3.749989 0.041667 0.722139 
2660.804406 2519.561891 2624.427539 2554.481882 8.332497 0.333333 23.542429 
58.842679 2374.858461 80.381071 2395.874986 7.308984 0.333333 0.041730 
1767.698337 520.198719 1712.060300 575.810965 4.424950 0.333333 18.104695 
71.527773 2379.823562 63.187739 2370.428992 4.143881 0.083333 0.726113 
1956.290618 2578.789842 1900.002511 2635.003344 6.229972 0.333333 26.354117 
1137.224516 1630.184670 1169.418988 1660.649484 5.623868 0.333333 1.491525 
756.163949 2279.912997 649.316584 2386.817281 7.071538 0.333333 64.917228 
1353.676808 1017.408497 1407.052069 964.530236 5.617451 0.333333 8.259035 
3115.238263 2067.728089 3078.444938 2104.699416 5.324614 0.333333 5.299866 
1372.402219 3673.854630 1350.658990 3651.825213 7.879657 0.333333 0.857667 
793.090015 3106.881652 836.088689 3148.900499 7.539158 0.333333 43.230013 
1310.244064 3622.339162 1326.686006 3638.319453 6.501160 0.083333 2.082169 
2043.278132 3127.029756 2024.423142 3145.686907 5.359166 0.166667 2.350419 
2230.764796 2940.629709 2211.474281 2957.827619 7.059468 0.083333 9.066675 
226.870253 2101.912951 289.540549 2037.034915 6.519321 0.333333 32.138999 
779.073094 2262.816734 814.447251 2228.172439 6.085505 0.333333 5.141965 
1181.194697 1672.543500 1222.091435 1714.162320 5.426849 0.333333 12.016963 
1852.948843 3312.915146 1825.633010 3340.632894 8.696591 0.333333 11.984367 
2556.400990 2620.231737 2534.768959 2641.034660 6.514063 0.333333 13.471804 
2946.228272 1873.802804 2928.327546 1856.722785 3.949196 0.333333 0.745951 
3058.342887 2129.592976 3115.854698 2072.104792 5.313470 0.333333 15.906784 
1916.873377 1631.598992 1927.439737 1641.108601 5.439602 0.083333 0.222477 
2486.123583 1975.867871 2492.083606 1994.307575 4.636487 0.166667 2.793497 
2975.978738 2205.973581 2963.435786 2218.444768 5.293136 0.083333 1.523403 
976.584678 2788.412324 961.662908 2773.334902 6.130290 0.166667 0.182954 
644.852998 2952.661249 606.978712 2915.473238 8.302093 0.333333 25.778947 
856.587703 3160.913515 835.328795 3139.671439 7.958801 0.333333 6.954048 
1807.464566 2724.945838 1791.910372 2740.660012 3.973109 0.083333 0.147579 
1911.331636 1617.443857 1879.029850 1584.715653 8.099673 0.333333 23.921255 
850.680250 1451.894390 838.339578 1464.583682 4.727025 0.166667 0.046012 
1616.117055 2914.672499 1605.430685 2926.702387 4.558733 0.166667 0.931577 
1604.415803 2926.905389 1576.151886 2954.927955 8.102687 0.333333 6.366653 
2142.214596 3028.439336 2131.035553 3039.798892 3.829670 0.083333 3.554384 
997.976438 1667.852309 1009.688258 1654.652954 5.498497 0.166667 0.944763 
3028.789660 2153.782922 2975.351603 2206.612845 6.465277 0.333333 29.527197 
98.258773 2222.011671 78.284798 2242.037628 8.864098 0.333333 4.569357 
302.710101 2016.462393 337.759716 1981.508713 3.552489 0.333333 3.459934 
2064.256459 1764.481541 2048.546167 1748.936110 7.164210 0.166667 2.691031 
1394.775834 3143.527604 1414.132556 3124.130457 8.844362 0.166667 0.197437 
338.367093 1980.866513 377.695544 1941.443577 2.716338 0.333333 12.607370 
895.179899 1406.412327 869.820315 1432.337882 6.352621 0.333333 0.233088 
1256.974235 1749.224437 1277.387979 1768.890059 3.636620 0.333333 0.941538 
2014.139175 1715.994112 2004.725616 1705.156183 6.929615 0.166667 0.117235 
1219.647601 1073.354434 1208.111208 1087.061331 3.967788 0.333333 2.562494 
1330.939732 1039.701261 1353.837020 1017.613103 5.397815 0.333333 0.727204 
2521.024076 1979.605206 2496.010374 1983.261471 7.046412 0.333333 3.459934 
1281.069733 1089.824010 1304.938872 1066.182272 4.720545 0.166667 3.392863 
1700.702978 586.948142 1669.505527 618.259603 5.264602 0.333333 1.590112 
2391.557177 2796.587713 2416.945980 2770.694598 5.529031 0.333333 2.145565 
1010.398853 1655.421319 1027.782663 1637.768849 5.781350 0.166667 2.209559 
1171.658180 1192.885823 1145.671364 1219.447409 5.631671 0.333333 0.345659 
317.130019 2009.643965 331.928356 1995.612917 4.394337 0.166667 2.304102 
3241.789575 1941.793781 3114.689693 2068.436315 4.650412 0.333333 50.252857 
1166.713732 1130.362873 1145.861341 1152.155056 8.439873 0.333333 3.472536 
751.129775 3056.394026 714.033721 3019.735260 8.243034 0.333333 14.224466 
1886.068977 2086.382744 1904.883975 2106.396511 4.553689 0.333333 1.767305 
166.262494 2156.261372 145.030128 2177.531175 2.921432 0.333333 1.649495 
190.640379 2140.645739 214.443110 2116.943399 9.765658 0.333333 7.303835 
335.230948 1992.873063 349.631791 1977.109593 3.422898 0.166667 2.851211 
2449.500109 1546.997962 2466.847380 1529.347854 6.332267 0.333333 2.178456 
3248.816617 1940.094068 3273.795337 1913.823835 4.068831 0.166667 1.956295 
1379.880373 3690.095884 1397.132164 3707.915895 6.114780 0.333333 1.798732 
1945.375846 2503.372976 1962.212243 2520.289351 5.448646 0.166667 3.041847 
152.572742 2178.863322 182.930893 2149.124762 10.041131 0.333333 11.449191 
799.993773 2236.227814 777.759278 2259.050949 4.648001 0.333333 3.403053 
1217.375467 3518.890309 1168.419875 3470.317936 8.180638 0.333333 45.064745 
1840.800048 2399.159512 1876.318236 2433.697564 7.218755 0.333333 13.098421 
2356.157481 2828.834351 2368.154741 2815.652068 9.337999 0.166667 0.965731 
3077.723809 2105.222774 3060.198087 2122.703432 4.696502 0.166667 0.119791 
566.633444 1745.358328 515.381828 1797.919017 7.204244 0.333333 44.973531 
964.258947 3267.023147 901.349569 3204.876206 9.280546 0.333333 47.956673 
1006.580505 3309.669461 964.707861 3267.792034 8.841763 0.333333 30.912377 
1229.405656 1701.844436 1196.954694 1669.295546 4.434061 0.333333 0.169022 
1145.762225 1152.077564 1076.149746 1223.669801 8.061673 0.333333 46.219440 
1203.723565 1089.920318 1194.154318 1100.423949 3.938419 0.166667 2.084456 
531.495596 2841.026969 516.417688 2826.066304 8.013538 0.333333 0.299036 
1079.133033 1291.659295 1117.557928 1252.545907 5.193219 0.333333 6.200395 
1135.747933 1609.263832 1101.817096 1575.683509 4.515727 0.333333 2.950169 
1934.494185 1639.365145 1911.472080 1617.353824 8.757273 0.333333 7.392715 
1988.071432 2536.858972 1968.010522 2515.666630 9.077840 0.333333 5.125260 
1429.564358 3100.790216 1388.451859 3140.987751 7.607677 0.333333 40.331127 
48.755337 2357.505135 13.443420 2322.780073 6.357305 0.333333 4.169032 
1382.931586 982.929810 1359.698525 1005.951495 3.492872 0.333333 0.363224 
2435.172840 1561.445002 2449.223763 1546.669909 6.207431 0.166667 0.831262 
2392.521820 1603.768716 2428.176081 1568.174073 6.208630 0.333333 14.296741 
879.305884 3182.199642 856.851477 3161.776536 8.066985 0.333333 0.857667 
1742.265661 1942.718177 1773.227976 1974.273961 3.938100 0.333333 10.536310 
748.454659 2293.475095 778.662393 2263.653174 6.260905 0.333333 1.758398 
869.873397 2172.376665 891.200802 2151.188185 4.480045 0.166667 3.132599 
948.473536 2730.981591 971.242035 2708.727406 3.676652 0.166667 2.384823 
1804.572152 1562.068833 1832.742316 1533.987171 4.418021 0.333333 2.256431 
1835.583806 1596.894073 1852.250320 1581.019032 3.512699 0.166667 1.851150 
976.526524 2702.788035 1005.176757 2673.929985 3.887016 0.166667 5.700497 
1141.074610 1223.549034 1095.149662 1270.175625 6.501936 0.333333 9.627445 
1526.398044 3012.910024 1543.273683 2997.969193 9.436535 0.333333 4.832981 
676.276234 1632.427254 664.054011 1645.320722 4.475276 0.333333 1.197431 
2448.531791 1539.746781 2422.034547 1565.808123 6.323870 0.166667 3.191758 
13.198252 2329.300264 39.096499 2354.684454 5.621981 0.333333 0.248699 
2504.660248 1484.555491 2488.794505 1498.867202 6.186757 0.333333 0.831748 
581.703539 1730.376845 566.876918 1744.444463 7.393571 0.166667 0.515003 
630.879998 1679.603187 596.777732 1714.324003 7.899025 0.333333 12.558023 
1059.915234 1606.286413 1074.835926 1588.293816 6.611857 0.166667 2.445616 
1855.342140 2052.152857 1828.089695 2024.409680 2.836049 0.333333 12.425797 
294.663630 2032.190636 317.379587 2009.866504 5.256966 0.166667 2.555881 
353.487238 1973.507341 373.269761 1953.266483 4.026917 0.083333 0.133537 
1400.140328 890.091307 1350.717799 940.745947 8.117566 0.333333 28.865810 
2061.408828 3116.414298 2087.517675 3089.995468 8.043485 0.333333 6.500737 
1193.307945 1679.205896 1166.548913 1652.185863 5.440507 0.166667 4.803729 
1410.797348 3720.481388 1432.323213 3741.448167 7.317634 0.333333 1.486807 
3135.840826 2052.086983 3166.523686 2021.517735 5.352475 0.083333 0.183766 
813.866000 1488.846834 795.348671 1507.855819 5.349163 0.166667 1.786999 
1705.707772 1908.034995 1721.362849 1922.431908 2.800054 0.166667 3.543353 
1910.540118 2111.911025 1939.920529 2140.109012 4.685167 0.333333 2.566655 
1388.428983 3142.079140 1373.141554 3155.907153 8.166223 0.166667 1.492739 
1365.905077 3676.644050 1379.165215 3689.617091 8.002838 0.041667 1.330270 
1254.202203 1739.560325 1222.174340 1707.812017 5.419481 0.333333 8.090693 
1231.282061 1062.470645 1220.219139 1073.901698 6.374382 0.333333 1.257306 
1682.689415 1884.771950 1706.381949 1907.391441 2.735012 0.333333 0.314172 
1238.560142 1715.168998 1267.573388 1744.944490 4.384668 0.166667 0.687313 
1419.306536 2228.056525 1450.559042 2196.808839 3.171394 0.166667 0.471408 
1229.734594 1721.513525 1256.583135 1748.418889 5.321985 0.333333 4.272264 
13.699692 2322.446822 36.765096 2299.265645 3.588628 0.166667 1.193592 
2914.370744 1843.142275 2888.252824 1816.748512 4.498286 0.333333 4.332275 
139.242211 2179.136568 124.845193 2195.037129 8.915590 0.083333 3.857599 
1066.695664 1299.193854 1026.729536 1339.227668 5.315264 0.333333 6.153381 
1178.148303 1192.166058 1193.458597 1179.515892 3.404461 0.166667 3.394166 
1521.954002 2125.705999 1546.012473 2102.240670 3.844122 0.333333 0.964939 
1767.213481 1599.730704 1790.734817 1575.756361 4.495086 0.166667 6.372967 
1915.599646 3262.064610 1929.415502 3245.447985 7.851345 0.166667 3.381828 
2155.396608 3022.975273 2172.273907 3007.304623 5.576784 0.333333 0.995400 
1457.130493 3710.844745 1434.217930 3732.962284 5.645738 0.333333 0.404780 
1214.649464 1149.631307 1187.499900 1176.284795 6.455847 0.333333 6.476080 
1118.503978 1252.260315 1145.343380 1225.340487 4.055940 0.166667 1.874329 
823.936356 2219.059097 838.768078 2206.176264 2.218539 0.083333 2.654261 
1222.264242 1148.516322 1242.324071 1128.563112 2.855096 0.333333 1.804538 
111.646468 2207.788425 98.209713 2221.896226 8.793159 0.166667 5.081291 
1998.579445 3161.090072 1970.640647 3189.407135 2.728554 0.333333 5.551859 
1765.941120 603.442204 1602.911282 766.661530 3.663875 0.333333 80.435301 
2100.206418 3077.506066 2118.017428 3061.604420 7.242002 0.333333 1.529169 
3284.428721 1904.425838 3312.988835 1874.246142 4.149764 0.166667 0.687461 
1802.868867 485.371106 1766.778755 521.779597 3.813783 0.166667 4.420446 
1722.249054 1922.760624 1741.374903 1942.394501 4.191855 0.333333 0.402952 
975.182339 2068.909726 1001.071768 2042.274242 2.707164 0.166667 0.117235 
2392.354188 1521.101023 2358.712260 1554.966637 4.557043 0.166667 3.504446 
2564.443756 1424.583537 2547.419020 1439.976684 5.670029 0.333333 0.051395 
1482.994693 2164.191130 1511.007958 2137.224313 3.675876 0.166667 0.607362 
1676.614006 696.614048 1799.104148 574.104191 3.547198 0.333333 47.509363 
3332.353291 1849.832380 3312.810017 1870.269139 2.405076 0.166667 4.099284 
1113.659501 1606.370822 1135.519439 1629.545486 4.257385 0.083333 1.543712 
1782.696923 585.120440 1771.341401 597.641054 2.367492 0.041667 0.437479 
2888.968182 1816.070645 2867.981717 1796.912656 3.327512 0.166667 1.381040 
1604.192532 769.193809 1654.636940 718.393855 3.740374 0.333333 12.752771 
2761.308670 876.229356 2745.221614 890.340183 3.054466 0.166667 0.044220 
1600.562021 769.308623 1580.017087 788.801733 3.395042 0.041667 2.659096 
2393.526394 1523.536262 2429.570423 1487.068150 3.762920 0.333333 0.102717 
2427.610685 1485.093413 2393.016618 1520.519162 3.871216 0.333333 1.365254 
1096.030224 1573.938952 1119.376412 1598.169250 4.303699 0.166667 4.401670 
1565.749854 808.247434 1595.465486 777.944346 1.937194 0.333333 0.314172 
1523.658804 849.920060 1562.734219 810.220715 3.815444 0.333333 0.207280 
