644.296434 626.307173 665.214727 590.386082 5.756723 0.333333 16.723470 
211.914368 1380.085304 229.249807 1348.617416 8.378587 0.333333 10.784128 
864.389403 230.633317 839.107944 274.414417 5.199104 0.333333 22.695917 
1621.008115 2628.709957 1745.281771 2700.300951 5.591804 0.333333 62.584650 
1009.024845 479.696527 980.219542 529.340336 6.273414 0.333333 27.028157 
1288.012298 476.694826 1220.359686 436.954629 5.486875 0.333333 29.629858 
4042.288446 2110.860777 4103.348329 2003.789517 5.895835 0.333333 77.155863 
1566.319144 2597.853521 1620.377038 2628.561509 5.035920 0.333333 25.564737 
62.872255 1760.149852 312.539788 1904.474985 4.857609 0.333333 124.866032 
485.957070 902.066471 604.067227 697.226791 7.121695 0.333333 139.130788 
3473.681390 3002.725463 3497.668914 2961.082315 6.039686 0.333333 14.614399 
290.279637 1883.742481 552.650284 2030.488856 5.863449 0.333333 157.196066 
1081.215421 352.749283 1029.340225 443.817231 6.323630 0.333333 59.141763 
3874.711884 1864.695221 3959.025803 1913.725489 4.927170 0.333333 31.513327 
497.582620 870.849948 480.802439 900.191344 7.280018 0.333333 6.568927 
1083.213948 359.226961 1196.038617 427.017013 5.605097 0.333333 50.013359 
3300.172739 1171.799087 3342.055243 1196.997810 5.826341 0.333333 9.684500 
4447.759764 1999.156470 4432.790594 2024.174916 5.583210 0.333333 7.118140 
4473.496455 1953.334937 4447.865795 1998.684972 6.245647 0.333333 11.516793 
3807.539316 1825.709806 3825.454589 1835.923897 5.744027 0.166667 1.532413 
46.561609 1666.175072 73.264982 1620.707212 6.775107 0.333333 32.129587 
600.515403 1393.062707 577.837581 1432.961636 5.582261 0.333333 23.139957 
542.349922 1503.398677 680.534199 1263.602354 6.919677 0.333333 160.565538 
2637.819849 3188.665412 2678.853174 3211.835428 4.968462 0.333333 17.900242 
2905.050272 3337.915662 2931.613224 3352.585619 5.013523 0.333333 8.474710 
511.825506 848.092602 500.056956 866.071395 6.997686 0.166667 5.535115 
3768.645365 2582.697958 3791.186233 2544.185081 6.447629 0.333333 9.972198 
602.269663 690.131222 587.070594 716.459527 4.452920 0.166667 7.396164 
3619.033937 3454.359222 3722.760946 3272.916877 6.537886 0.333333 142.551723 
3920.236609 2314.894855 3839.943830 2447.972397 6.481406 0.333333 89.378359 
2004.478106 2280.579541 2015.740860 2306.125031 5.989273 0.166667 9.133999 
4031.409291 2120.882504 3971.853391 2223.835595 6.259134 0.333333 64.479737 
4099.591456 2001.998705 4031.200030 2121.668011 6.047149 0.333333 66.167182 
18.674887 1713.988653 32.168263 1689.536833 6.679983 0.333333 9.134658 
4416.776509 2052.540917 4353.984236 2161.121895 6.349729 0.333333 82.695346 
89.926445 1591.473391 128.489430 1524.397232 7.774512 0.333333 41.168078 
1365.313864 533.653776 1603.088629 673.562437 5.826934 0.333333 129.076975 
1853.686098 2759.601283 1889.899014 2779.449552 7.040354 0.333333 7.728116 
1890.019945 2779.472208 2012.079222 2847.759969 5.684641 0.333333 89.611637 
340.320101 1156.133261 351.427689 1135.478903 7.955880 0.333333 4.103481 
1604.453579 674.244312 1674.821096 716.554140 5.783476 0.333333 36.157819 
705.767978 519.453679 715.484021 501.797421 6.136560 0.333333 0.521140 
1698.848675 725.658536 1609.130886 672.285345 6.390873 0.333333 48.604592 
3847.622456 1501.463634 3892.857983 1528.570593 6.879344 0.333333 18.345986 
553.275230 2030.356712 638.234155 2077.930065 5.452092 0.333333 45.200547 
911.394890 2230.242318 964.292458 2259.524111 5.917007 0.333333 14.292675 
1931.677945 876.366153 1962.213992 894.646754 5.785743 0.333333 2.813845 
436.987743 974.979502 410.968922 1020.820207 7.932783 0.333333 15.742005 
2976.392350 2966.590479 2985.982296 2950.322498 6.597143 0.166667 0.339385 
3487.726594 1633.763209 3510.655233 1648.076570 5.430364 0.333333 7.229738 
3600.055796 3487.261121 3618.637795 3454.497935 5.874629 0.333333 8.485787 
4050.449072 1620.928969 4135.797910 1670.326245 5.353741 0.333333 24.974061 
976.371172 549.898690 994.693294 516.365921 7.158289 0.333333 15.505276 
83.418044 1589.544736 66.010515 1619.598297 7.405763 0.333333 10.265368 
577.561146 1432.985506 529.737141 1516.365755 6.938414 0.333333 43.025129 
1221.436581 437.610422 1081.858981 354.401872 6.028736 0.333333 65.884092 
2012.654545 2848.007635 2029.088834 2857.376951 6.830094 0.166667 4.357864 
2151.158421 2924.348985 2172.593345 2936.897997 5.550637 0.166667 3.106876 
3229.146342 3513.533497 3309.353737 3558.429860 6.668111 0.333333 50.406744 
765.626806 2148.121629 793.239014 2162.912150 6.256751 0.333333 3.022677 
1319.181872 2459.718865 1336.755026 2469.588615 4.225128 0.166667 9.498972 
2679.278928 3212.043955 2722.674161 3236.719572 5.816510 0.333333 9.174172 
2703.437602 2938.810950 2761.735951 2971.120430 6.072533 0.333333 22.019992 
3496.616076 3666.196892 3599.600855 3487.726630 6.034793 0.333333 104.029695 
3766.481497 2576.095946 3744.950362 2615.254049 6.959146 0.333333 16.878560 
839.815301 273.900599 796.373686 348.046025 5.763158 0.333333 44.432970 
2722.918206 3237.238848 2738.959554 3246.355968 5.285148 0.166667 3.497253 
4156.219304 2514.211076 4187.093964 2461.781740 7.420035 0.333333 27.152720 
812.049640 1026.974534 799.305410 1049.335338 6.797120 0.166667 11.124325 
75.753586 1616.396472 89.686557 1591.498864 7.415409 0.333333 5.094513 
1843.983239 822.972806 1931.365790 876.456948 5.808666 0.333333 54.430240 
4005.006070 1594.547075 4038.861190 1614.367521 5.024940 0.333333 8.105671 
729.932006 1177.927396 790.111027 1074.597666 6.729801 0.333333 58.785076 
793.563477 2163.315206 911.201641 2229.601638 6.371304 0.333333 60.327081 
3861.323188 2423.541890 3917.151293 2330.043597 7.721077 0.333333 70.644161 
662.394872 2091.822965 675.953244 2100.086431 5.570596 0.083333 2.008689 
1737.802962 756.633171 1843.904459 822.631461 6.134647 0.333333 66.280282 
3958.035050 2258.617125 4036.345476 2120.161503 6.296614 0.333333 83.584398 
476.270471 907.969273 461.779621 933.069937 6.283358 0.333333 4.321440 
3722.790865 3272.399259 3746.515223 3230.953531 6.531626 0.333333 20.516640 
545.308813 789.189946 532.310874 811.398519 5.051703 0.166667 2.649080 
1196.780079 426.232530 1326.160104 505.200304 5.779575 0.333333 66.423604 
2897.370266 3048.204849 2918.936804 3060.444595 5.381917 0.333333 4.182087 
2944.557561 3010.038103 2932.974589 3031.105029 6.831270 0.333333 3.312406 
3428.492207 1598.369764 3448.034700 1609.911371 4.940891 0.333333 5.725884 
353.987947 1119.154468 307.935975 1199.979515 7.349754 0.333333 47.130025 
638.690744 2078.028215 661.914707 2091.808080 4.701429 0.166667 11.230534 
2572.042413 3151.570727 2619.063144 3177.441800 5.581337 0.333333 15.156556 
1030.426565 441.950016 1008.381596 480.242350 6.860263 0.333333 10.838235 
1572.724164 651.302302 1518.671723 619.313343 6.103358 0.333333 17.542262 
1820.147014 2741.507883 1848.740481 2756.988151 6.777447 0.333333 7.179958 
307.964119 1200.531750 245.292461 1308.656780 6.474933 0.333333 82.545737 
586.878675 716.461390 575.259120 737.366417 5.043731 0.166667 1.384742 
987.525269 2272.968752 1033.716383 2298.296473 5.478097 0.333333 21.078024 
790.059345 358.473518 781.428551 375.420817 6.053998 0.166667 10.165350 
1277.928848 2435.965363 1319.312355 2459.814694 4.864840 0.333333 18.509603 
1145.192607 2358.872665 1276.738797 2434.949098 4.875214 0.333333 86.800148 
1330.729918 509.804203 1360.327226 529.169660 5.307603 0.333333 10.115829 
3634.825529 1722.368985 3758.577365 1796.115903 5.693479 0.333333 90.602439 
3959.448105 1914.250396 4054.672261 1970.118333 4.543058 0.333333 24.896212 
1337.196545 2470.064496 1431.873360 2524.377859 5.825894 0.333333 45.509449 
4081.727924 2630.005175 4038.500523 2705.661142 7.598245 0.333333 48.741539 
784.221814 1074.798614 763.220286 1110.458779 7.156452 0.333333 13.198724 
2058.639225 2874.621418 2075.543928 2883.283223 6.104932 0.166667 0.572177 
4108.147963 2597.623520 4117.913606 2581.015680 5.766958 0.166667 2.714107 
723.985588 487.369619 744.923273 450.940117 6.577998 0.333333 15.505276 
2988.919865 2944.861285 3001.227517 2924.743610 3.862214 0.333333 1.757990 
4504.801835 1900.141631 4483.750155 1935.992096 5.201504 0.333333 10.360046 
712.835612 1197.956828 686.344193 1243.542944 7.039227 0.333333 20.034096 
3118.272820 3455.225450 3139.097888 3466.153099 4.677833 0.166667 1.493436 
797.454721 359.693622 814.177797 329.266615 7.835428 0.333333 2.120909 
1285.315344 777.399763 1395.521956 842.431294 5.857912 0.333333 69.742284 
2287.007638 2996.940971 2331.637654 3022.292830 5.067908 0.333333 13.500161 
3804.326424 3129.347085 3817.149786 3107.032912 6.502715 0.166667 6.689544 
4038.849425 2704.632801 4017.464050 2742.902669 6.771889 0.333333 19.890414 
2796.721155 2991.231286 2826.631988 3008.544826 5.750330 0.333333 4.639272 
4399.888928 2096.280232 4418.013376 2064.486527 10.088189 0.333333 5.440472 
1914.477077 1030.519914 1956.585923 956.005255 8.181883 0.333333 51.699984 
1500.856652 608.986675 1480.978186 597.128358 3.891664 0.333333 1.318320 
4155.636910 2502.628663 4145.961253 2518.829273 5.189023 0.166667 1.503971 
1673.950431 716.287694 1719.481785 745.458323 6.529146 0.333333 22.597584 
3966.070584 1572.006261 3997.170252 1590.118024 5.152489 0.333333 5.824263 
2935.503329 3039.854353 2977.595641 2964.934456 7.763230 0.333333 39.776767 
1016.723219 597.138240 1064.415389 624.637031 4.292435 0.333333 11.857723 
3825.975011 1836.296235 3851.475880 1851.718017 4.874457 0.333333 1.820387 
4313.638486 2232.174758 4281.975586 2286.413431 6.395161 0.333333 26.828880 
1070.976553 2312.540013 1058.481843 2305.031211 5.202486 0.166667 0.142288 
1511.132354 2566.948892 1565.467025 2597.428280 5.238968 0.333333 33.073649 
4247.326273 2346.417848 4232.846931 2371.715847 6.202274 0.333333 2.637583 
166.719961 1444.102922 83.591140 1589.108827 8.011685 0.333333 107.484893 
1432.511049 2524.251163 1511.691802 2567.418178 7.388483 0.333333 36.995897 
1780.833431 1077.765271 1825.367777 1103.568940 6.489394 0.333333 4.818817 
2247.999786 2975.856501 2287.917672 2997.447265 6.486199 0.333333 16.914066 
387.192837 1060.801478 373.637146 1085.215309 6.677791 0.333333 2.105387 
671.840204 1268.637765 600.691429 1392.630386 6.487019 0.333333 98.423866 
1337.481351 1918.488575 1326.567273 1936.690483 4.933094 0.166667 3.832466 
2944.989354 3360.579429 2968.779496 3373.134854 5.957050 0.333333 1.194980 
3746.660638 3230.502475 3804.518412 3129.278024 7.296203 0.333333 55.082279 
4319.410133 1781.810805 4356.689671 1802.213629 5.319521 0.333333 16.104464 
4035.007888 2722.764620 4083.105101 2640.403432 7.263083 0.333333 58.343960 
4093.033808 2610.573474 4082.280898 2629.604342 7.427737 0.166667 3.231802 
4215.886402 2411.511275 4246.790826 2358.808631 7.435050 0.333333 25.983303 
128.765605 1524.030710 145.778449 1493.917907 7.243179 0.333333 16.602367 
978.769006 575.415717 1016.167952 597.192549 4.963453 0.333333 16.343388 
1082.079771 2325.062884 1144.672562 2358.823311 6.601039 0.333333 30.174550 
3839.524748 2448.211683 3798.279438 2519.464398 6.264048 0.333333 38.573994 
3917.319714 2329.634166 3958.456110 2259.046423 6.866712 0.333333 29.845367 
373.588161 1085.379083 354.070865 1118.679371 6.024177 0.333333 19.773663 
676.501615 2100.022854 705.797306 2116.907183 5.175172 0.333333 2.001132 
784.789820 2153.363272 761.393145 2140.233655 3.520305 0.166667 3.988690 
3356.125673 3583.142840 3385.266836 3600.366038 4.696227 0.333333 4.546770 
199.400708 1388.654598 166.905639 1443.878558 6.661387 0.333333 41.524143 
434.407414 991.742675 459.267681 947.364639 7.805339 0.333333 14.571471 
3819.866575 3102.684669 3833.873330 3078.559470 6.068329 0.333333 7.317921 
4186.395551 2461.827863 4216.104960 2411.922441 7.647818 0.333333 21.730811 
3972.103589 2224.505453 3920.538086 2314.862038 7.593927 0.333333 52.009238 
3438.575546 3063.931050 3454.843919 3034.635399 6.798647 0.333333 4.313508 
30.512985 1679.877426 18.655772 1701.480235 7.283305 0.333333 5.709542 
739.531392 448.212860 728.825917 467.268770 7.420400 0.333333 0.362676 
1599.002703 666.625725 1573.298768 651.578172 5.840944 0.333333 1.730327 
1979.293726 903.605510 1903.248697 1035.169011 8.181820 0.333333 113.291183 
2811.707735 3285.671034 2900.396402 3335.040110 6.036452 0.333333 57.177819 
3745.047763 2624.036305 3756.338451 2604.793619 5.274935 0.166667 3.528604 
3760.110645 1449.402003 3786.011869 1464.981837 5.162551 0.333333 4.546770 
756.898643 416.888203 742.690381 442.330353 6.548107 0.333333 5.701501 
920.038029 134.037790 881.186343 201.665603 5.579578 0.333333 28.736245 
3758.911430 1796.795160 3807.457408 1825.503886 6.813420 0.333333 11.006454 
693.475312 1241.372498 707.090613 1216.995426 6.547897 0.333333 4.695710 
2046.393611 2377.092022 2057.192388 2401.045444 4.399475 0.166667 11.941121 
3572.712632 1685.403725 3585.784067 1692.845604 4.476109 0.166667 0.468278 
3791.272401 2544.037447 3813.999757 2503.464601 6.891793 0.333333 22.143905 
964.439317 2259.598541 987.123195 2272.695115 5.580127 0.333333 2.755721 
3608.139458 1706.849182 3630.596631 1719.425657 5.104183 0.333333 0.740100 
4093.133724 2623.832980 4107.787873 2597.779234 7.014354 0.333333 7.112344 
4281.961964 2286.925348 4247.700861 2346.103134 7.800059 0.333333 22.288465 
4427.801707 2034.179666 4417.047271 2051.979086 6.218777 0.083333 8.378352 
795.762345 1064.454436 808.731898 1042.030088 5.749469 0.083333 13.424344 
3585.822463 1694.051833 3597.907110 1701.435854 3.484961 0.166667 0.491994 
234.223711 1328.036315 199.001798 1388.121723 6.916497 0.333333 36.325401 
604.261142 696.810105 644.183794 626.766019 6.645633 0.333333 46.199571 
1428.492837 862.063123 1456.274145 879.104529 9.034761 0.333333 2.079726 
755.841189 1123.984830 712.783212 1197.407611 7.514915 0.333333 35.213073 
772.855001 401.715770 788.632436 374.962719 7.785424 0.333333 5.182082 
808.965101 1041.633367 830.850331 1004.507831 6.234662 0.333333 12.349190 
4017.105673 2743.260233 3990.663728 2788.363343 8.368182 0.333333 17.289820 
1136.192185 676.801973 1065.914457 636.030695 6.924520 0.333333 30.510321 
3448.438602 1610.111434 3487.227662 1633.797469 5.976476 0.333333 14.389686 
1549.902424 926.847693 1521.476731 910.048923 3.712399 0.333333 10.783395 
2339.674629 3027.551535 2353.554243 3034.803464 3.622000 0.166667 1.753801 
3798.270631 2519.999773 3766.569806 2575.994544 7.942471 0.333333 23.780718 
4131.167662 2545.211820 4113.013751 2576.290183 7.202559 0.333333 9.821932 
58.213864 1633.683943 38.045441 1667.571594 7.184569 0.333333 13.617145 
1333.737604 504.604550 1283.744829 474.592515 6.650576 0.333333 25.200956 
2441.372834 2797.818435 2476.941228 2816.750576 6.086926 0.333333 4.018064 
4354.928888 2159.512843 4313.695448 2231.665343 6.512414 0.333333 45.238247 
1036.114605 2299.753761 1062.470714 2314.564943 6.475464 0.333333 3.821645 
4507.333669 1911.399786 4517.045274 1895.227909 5.573538 0.166667 1.699702 
665.385343 589.954798 706.362776 518.548382 7.003934 0.333333 44.177116 
3786.197869 1465.438548 3800.189077 1474.346355 3.296461 0.083333 2.352058 
778.258118 379.995368 766.084927 401.588956 6.752381 0.333333 2.683244 
2507.279141 3116.128423 2566.241091 3148.046031 7.331480 0.333333 34.434388 
2841.153863 3017.151825 2857.810502 3026.203716 5.706665 0.166667 6.743690 
3455.529907 3034.320786 3473.499833 3002.801353 6.830004 0.333333 8.471288 
184.990085 1425.977522 211.282308 1380.102494 8.581936 0.333333 25.235166 
292.224386 1239.384155 340.111782 1156.386456 7.829675 0.333333 63.484469 
3986.034717 2798.086171 3976.793167 2813.074543 5.670812 0.166667 2.388407 
3290.979069 1513.787749 3329.711292 1537.140454 5.116377 0.333333 27.734063 
3800.927566 1473.857728 3828.499279 1489.985125 6.025996 0.333333 10.321097 
706.743807 1217.534950 729.929961 1178.227681 6.846919 0.333333 11.365709 
787.282875 374.651918 797.222253 360.012100 4.190295 0.166667 2.520545 
2762.042384 2971.580909 2797.076555 2991.520872 5.264295 0.333333 11.972459 
3070.010940 2914.213031 3114.015056 2939.047940 5.270124 0.333333 20.907752 
4246.560085 2358.445534 4288.050953 2288.588595 8.096302 0.333333 42.784803 
4356.603059 1802.648851 4384.263566 1818.321667 4.531758 0.333333 7.501696 
447.727006 957.875263 438.292144 972.911158 6.103980 0.166667 1.493436 
1350.787613 1904.467395 1370.933750 1869.010665 6.199823 0.333333 5.713311 
4122.589093 2571.552836 4137.610344 2546.565611 7.301085 0.333333 4.222825 
467.807802 932.425688 485.562984 902.350440 8.118505 0.333333 1.472871 
981.027440 528.203598 955.036325 574.744323 6.704214 0.333333 21.944551 
2931.666325 3353.487525 2944.298112 3360.758575 3.406818 0.166667 1.229027 
260.485040 1294.816342 289.172408 1245.507135 7.328169 0.333333 25.961223 
745.104669 450.869516 759.194227 426.062373 6.078307 0.333333 13.204954 
1745.739098 2700.422885 1775.567900 2717.261884 5.969300 0.333333 3.659823 
2414.575472 2782.760507 2441.062964 2797.328706 5.804943 0.333333 1.189138 
2618.938484 3177.922617 2637.474488 3188.304682 6.281321 0.166667 3.821462 
3154.851759 3473.306724 3201.188291 3498.332018 7.940298 0.333333 25.961223 
967.590809 51.561930 939.200038 100.005041 5.617633 0.333333 3.913732 
1178.447804 715.071976 1285.451463 777.530819 5.373500 0.333333 38.115546 
1957.230189 955.829950 1969.863565 933.935640 7.120858 0.333333 8.923018 
2029.136065 2857.592766 2058.678708 2874.352375 6.847483 0.333333 2.456980 
3087.764990 1044.101195 3132.750802 1070.375486 6.476300 0.333333 13.556061 
347.533057 1920.830525 331.157720 1910.513474 2.706621 0.166667 0.376050 
2079.470927 2453.091473 2084.823111 2468.405261 3.200205 0.166667 2.945168 
2405.543890 3062.023126 2423.219733 3071.701996 4.727984 0.166667 0.066557 
3935.315960 1553.639349 3965.635979 1571.856727 6.005613 0.333333 0.894771 
633.966628 634.677807 618.971977 660.930862 7.595958 0.333333 0.021599 
581.042466 1541.155041 611.630276 1558.891310 3.579059 0.333333 0.917544 
830.445730 995.520376 818.336582 1016.268965 4.783089 0.333333 4.087539 
229.393727 1348.136528 241.757253 1328.052516 7.946347 0.333333 0.138456 
2015.626640 2306.333712 2046.053062 2376.689879 5.769082 0.333333 16.553562 
715.265957 2121.418469 739.057162 2133.839546 7.707563 0.333333 2.813845 
32.857309 1689.772917 46.291054 1665.845360 6.731381 0.333333 3.735443 
3833.964520 3078.422961 3855.942559 3040.090383 6.347342 0.333333 14.912949 
4232.664542 2371.816298 4197.085816 2432.728264 7.393870 0.333333 43.350509 
66.246955 1620.224080 58.044358 1633.073521 5.940703 0.333333 0.058872 
1376.180555 1850.944497 1346.886746 1901.881755 5.501392 0.333333 17.331427 
2858.143078 3026.515265 2885.568642 3042.301240 7.287491 0.333333 4.602456 
3330.073915 3570.428614 3348.948392 3580.300764 7.276218 0.166667 1.048611 
658.974816 591.313463 634.050812 634.384093 7.968752 0.333333 2.235018 
3828.768207 1489.871267 3847.225552 1501.309322 5.412938 0.083333 4.093186 
4452.088450 2007.529899 4460.424604 1993.009949 6.363987 0.166667 0.284577 
715.300637 502.649543 724.351960 487.833627 5.296986 0.333333 1.318320 
3202.971346 3499.533292 3228.769074 3513.155228 6.570236 0.333333 6.453291 
3308.865894 3557.723867 3329.640025 3570.183105 6.216704 0.333333 8.474710 
4145.704765 2518.852993 4130.662340 2546.329766 6.970775 0.333333 5.290409 
3006.060549 2914.347100 3029.635143 2876.262276 6.427104 0.333333 10.319337 
3892.993225 1528.755431 3919.674562 1544.714045 6.857563 0.333333 3.801314 
995.041649 515.823692 1012.627507 485.156132 8.561355 0.333333 10.390964 
1791.320972 2725.632842 1818.228658 2740.709014 7.633476 0.333333 6.842871 
2108.564429 2492.356497 2133.466793 2469.629847 6.301741 0.333333 5.011774 
3122.080851 2944.028510 3153.786784 2962.865091 4.491303 0.333333 5.945227 
3908.697815 2949.615809 3919.313886 2929.342997 7.381226 0.166667 7.263456 
3391.829074 3604.462323 3416.561961 3617.470205 5.466211 0.166667 4.609984 
3973.487439 2818.867299 3944.463984 2869.605947 7.755963 0.333333 26.739125 
881.481478 201.643728 864.655289 230.274349 6.655043 0.166667 7.413628 
1039.128738 437.769566 1066.283836 391.317941 8.267938 0.333333 27.712365 
1353.977365 2473.368707 1331.005125 2459.573550 6.501082 0.333333 3.204635 
4196.908825 2433.145852 4185.435001 2451.757870 5.573386 0.333333 4.610335 
245.055486 1309.042563 233.942038 1328.081571 4.695135 0.166667 2.126076 
765.573523 401.846844 757.292929 416.986194 6.683049 0.166667 1.314975 
1221.512200 1890.002385 1254.534873 1909.098535 4.499294 0.333333 5.084751 
1431.180089 2517.200098 1411.512422 2505.396357 5.358098 0.166667 4.342794 
1888.473087 1060.285946 1870.198909 1092.344647 6.385062 0.333333 12.752164 
3703.509112 1416.217545 3719.979550 1425.840237 4.680870 0.166667 1.889362 
3875.042681 3008.417595 3887.716656 2984.161636 6.317787 0.333333 5.617590 
759.237279 425.544241 772.893410 402.256195 7.880934 0.166667 1.523548 
2075.751026 2883.214350 2108.607663 2901.969292 7.296348 0.333333 8.702668 
4484.028133 1936.655709 4473.683554 1953.018379 4.743739 0.166667 0.498688 
387.091771 1073.956789 409.266254 1034.854470 8.731679 0.333333 15.653068 
799.289319 1049.575997 789.020665 1066.662046 4.539803 0.333333 0.879308 
1876.071812 2764.790630 1853.835320 2752.882789 5.682093 0.333333 0.914152 
313.710593 1904.245026 379.891634 1943.504083 4.573737 0.333333 15.852542 
706.572928 506.710636 698.515980 521.517893 6.894673 0.333333 2.215707 
1153.311061 701.548285 1177.564013 715.360071 2.471760 0.166667 1.150078 
1902.923346 1035.509625 1888.756292 1060.271011 8.220973 0.333333 0.327491 
2283.775254 2580.278039 2247.509766 2642.965363 5.123791 0.333333 9.440218 
4175.976237 1693.461871 4198.907874 1706.449765 4.639429 0.166667 2.346462 
1042.599089 597.808518 1002.199577 575.048860 4.218251 0.333333 3.910063 
4442.198593 2024.578347 4451.787146 2009.319792 4.392632 0.333333 5.725330 
684.682327 545.110071 665.361232 580.480919 7.070286 0.333333 6.029181 
2265.023296 2618.506543 2284.150279 2586.007079 4.499859 0.083333 2.038936 
3517.169796 1652.616971 3564.642443 1680.164109 7.047389 0.333333 23.227837 
3978.315814 1932.800552 4097.136031 2002.681160 6.590727 0.333333 50.564827 
688.441878 1603.572657 723.763598 1622.987342 5.310176 0.166667 3.757505 
1061.391797 2314.059047 1082.746646 2325.106372 7.810112 0.333333 4.953422 
3341.852996 1544.877562 3399.196764 1580.131686 7.122527 0.333333 38.467561 
3931.759578 2891.710259 3921.040770 2911.526052 6.271127 0.333333 5.342371 
4296.954327 1767.766779 4321.117437 1780.974073 7.970838 0.333333 1.489049 
2956.078221 2991.406728 2946.958565 3006.924112 5.791459 0.166667 0.284577 
19.146789 1701.437409 4.450930 1725.195181 6.575766 0.333333 7.399614 
154.805213 1478.374945 185.040497 1426.332969 7.915904 0.333333 27.420880 
1383.278759 1846.966886 1404.061100 1812.190417 6.189901 0.333333 5.032203 
2192.943987 2945.949057 2224.324452 2963.477693 8.090999 0.333333 12.563627 
686.211886 1243.996534 671.532639 1269.716175 7.297413 0.333333 2.640832 
1179.911925 2373.255359 1155.590725 2360.691349 4.273936 0.333333 0.915085 
1463.366697 883.610354 1480.793663 893.736050 8.269276 0.333333 0.636443 
2109.037229 2901.438760 2150.887534 2924.079106 7.047165 0.333333 13.898538 
1019.789295 471.920671 1029.242819 455.548676 6.952549 0.166667 2.067140 
1426.451346 855.101767 1391.082625 834.484299 5.486507 0.333333 0.063334 
1699.927334 1795.196355 1679.608060 1828.268192 3.953475 0.166667 3.703441 
795.329608 1663.644724 823.095955 1679.426102 3.854552 0.166667 1.027162 
4010.900977 2765.784874 4026.912017 2738.146444 9.167582 0.333333 0.555056 
4355.692197 2172.148677 4377.343402 2135.669211 9.272254 0.333333 17.448271 
3421.177967 3093.959231 3434.357190 3071.864377 5.593669 0.166667 6.412936 
3528.563624 1309.914511 3550.442087 1323.421286 5.974823 0.166667 5.535115 
2481.779538 3101.659296 2502.806168 3114.044083 7.671902 0.333333 1.673780 
1414.300334 1784.886910 1398.461803 1813.312663 4.851275 0.333333 0.362676 
3648.199035 3392.989218 3631.742025 3421.799041 5.739264 0.333333 0.086440 
4177.272169 2467.585838 4160.210863 2494.572928 6.400261 0.333333 13.917650 
303.176171 1895.535468 260.370398 1871.070470 2.008188 0.333333 5.356505 
1228.738479 730.472395 1136.345944 676.882055 6.770252 0.333333 43.686214 
4228.556297 1729.851962 4245.093144 1739.078276 3.757359 0.166667 1.834204 
410.258054 1020.933294 400.974921 1036.872798 5.318004 0.166667 3.497253 
3832.552680 2471.035279 3850.654246 2441.135935 9.369315 0.333333 4.517648 
3957.956378 2859.453620 3976.377624 2827.129194 9.423730 0.333333 6.340610 
2282.828947 2712.622319 2300.967910 2722.494973 5.684015 0.166667 1.160573 
4218.267026 1717.898375 4246.784128 1735.770002 2.615756 0.333333 2.299723 
321.567132 1895.192156 296.139234 1880.956472 7.327507 0.333333 4.577682 
459.390327 1985.598702 413.292503 1958.732372 4.313110 0.333333 6.563197 
1167.044315 670.336652 1127.313406 647.007172 4.004780 0.333333 6.859880 
2379.209646 3048.443165 2402.039665 3060.308161 5.579809 0.333333 1.434982 
2146.157029 2452.160096 2114.805490 2480.016351 6.020165 0.333333 3.576291 
3977.495898 2827.177064 3989.075022 2804.223672 8.968120 0.333333 0.368065 
1065.692140 635.870103 959.095082 573.604210 6.445392 0.333333 56.268718 
2056.724200 2401.399714 2065.388148 2421.436922 3.684771 0.166667 2.688645 
4296.950063 2273.168792 4330.864995 2215.035761 9.718113 0.333333 37.819909 
728.300272 467.109613 706.561854 506.282244 8.149453 0.333333 14.250598 
1393.577127 841.127566 1428.250241 862.101519 7.486812 0.333333 8.990804 
3391.245527 1226.713355 3408.692871 1236.804396 6.832354 0.166667 0.729423 
3329.188893 1537.187211 3342.632646 1545.200966 4.979982 0.333333 1.394195 
391.176041 1934.669010 350.478480 1911.210594 6.611092 0.333333 12.163572 
2353.622550 3034.416915 2369.172067 3043.473424 4.246256 0.333333 1.549239 
3508.870132 3635.449311 3495.664780 3659.973338 3.035368 0.333333 0.435836 
3814.342477 2502.563484 3829.294741 2476.122737 5.498969 0.333333 6.919547 
2353.194662 844.972457 2380.589090 862.474714 5.354579 0.333333 2.942654 
2632.235839 2900.149591 2705.413025 2939.766544 8.073563 0.333333 44.782078 
351.194692 1911.804217 333.483733 1901.586492 5.453851 0.333333 0.972071 
419.784490 1017.654293 433.426851 993.294044 8.550856 0.333333 0.294977 
351.769917 1135.564848 386.893814 1074.204714 8.663625 0.333333 39.839113 
3850.607082 2440.920197 3861.177475 2423.940762 7.688256 0.333333 1.043675 
257.558323 1865.376901 289.804597 1883.615461 5.154614 0.333333 5.701501 
412.921620 1958.473828 363.485466 1929.650689 4.769712 0.333333 9.460106 
3045.541285 2900.776771 3065.104932 2911.567855 3.445665 0.166667 4.591871 
1076.550438 617.457154 1055.022824 605.455100 4.115948 0.166667 4.945122 
2284.081384 2585.454571 2316.151031 2530.204773 4.641370 0.333333 6.271124 
2756.906470 3255.767054 2811.427857 3285.397717 8.332863 0.333333 25.421387 
888.798140 197.998417 902.640399 174.302310 7.566029 0.333333 4.375138 
739.318656 2134.343549 767.117550 2149.054585 7.737908 0.333333 6.220780 
3637.573872 2564.461328 3666.426920 2581.789747 2.845560 0.166667 3.339572 
3653.799652 1386.607701 3679.117107 1401.430470 6.366223 0.333333 0.138456 
3889.359737 1876.901168 3841.016195 1848.704295 2.081538 0.166667 0.938292 
2361.268756 2752.894718 2388.350638 2768.995470 8.071666 0.333333 3.576291 
4094.913605 1654.450043 4149.139731 1683.563211 4.360096 0.333333 7.273348 
3315.910835 1522.239157 3291.981926 1507.945990 8.779550 0.333333 0.281529 
854.979377 1017.141303 832.512324 1003.337679 3.086826 0.083333 5.538537 
3192.061452 1106.170579 3214.917739 1119.708699 7.288573 0.166667 3.264674 
3944.388004 2869.912887 3932.006599 2891.420358 7.647671 0.333333 0.495205 
2243.851299 2654.804430 2264.465491 2619.939431 4.209907 0.333333 2.570737 
3.437636 1725.099895 33.828246 1743.193826 4.705965 0.166667 7.963356 
4149.389157 1684.350300 4228.080163 1729.453226 4.694899 0.333333 15.694371 
978.642252 1756.276691 1008.676553 1773.408028 5.742542 0.166667 2.477791 
1068.956056 386.096722 1084.417013 358.858369 8.667671 0.333333 5.133602 
427.376726 1970.648113 448.794272 1983.236300 2.558712 0.333333 0.954117 
856.273173 256.444751 868.008580 234.780574 7.830802 0.333333 0.441347 
2285.093961 2331.271433 2253.052152 2359.462925 2.744751 0.333333 4.186079 
3139.312058 3465.793323 3154.238797 3473.392537 5.280310 0.333333 2.664808 
3416.395739 3618.031858 3444.499206 3634.158551 4.675156 0.333333 4.916689 
2399.577603 872.798847 2423.998495 887.968834 6.258383 0.333333 2.001132 
447.031537 1965.540093 414.963470 1948.090746 6.506892 0.333333 7.123518 
1084.944049 1157.146030 1110.147458 1171.796092 3.147238 0.333333 0.058872 
1300.011961 1934.136229 1322.754838 1947.923677 4.923676 0.166667 0.813553 
2208.648814 2404.866816 2224.589470 2389.598920 2.040700 0.020833 1.350161 
2476.804249 2818.263977 2490.251057 2825.109541 3.092841 0.166667 0.491994 
3280.319027 3034.898618 3313.258482 3054.146569 4.245589 0.333333 5.729311 
3422.102654 1244.848170 3449.746384 1261.249030 7.870007 0.333333 3.576291 
1255.137200 1908.976185 1289.710507 1928.789558 6.361219 0.333333 4.275562 
3625.832492 1368.292717 3653.811088 1385.777119 7.816501 0.333333 6.005987 
2328.669297 2502.188948 2305.740228 2541.941463 4.582425 0.166667 4.801986 
409.344665 1034.356289 419.836257 1017.346511 8.759733 0.166667 0.950601 
2969.224643 3373.395970 3001.177681 3391.126259 8.244369 0.333333 8.282212 
3712.944303 2607.221289 3744.683772 2623.783267 4.239435 0.166667 4.609984 
2371.306542 2306.621260 2395.680016 2320.528581 3.547119 0.333333 2.660684 
3656.476336 2571.704973 3623.565947 2551.974499 3.683680 0.166667 3.337714 
4287.912533 2288.641715 4295.887578 2272.628298 5.332423 0.333333 1.771535 
2305.153779 2542.087618 2292.647850 2562.837421 2.427598 0.166667 2.435423 
3268.492732 3011.208017 3235.112616 2992.804350 3.999867 0.166667 1.945394 
405.271330 1957.842698 426.551694 1970.290791 4.499172 0.166667 0.718069 
3570.579197 1336.970943 3582.217032 1342.526888 3.765219 0.166667 1.229027 
3583.558710 2533.608293 3614.732666 2551.242722 4.264367 0.166667 0.549830 
1877.067322 1094.485169 1911.205776 1034.889783 9.646581 0.333333 34.339480 
698.203607 520.793414 684.980132 544.833040 7.776340 0.333333 3.450628 
2316.837355 2528.102242 2339.243333 2491.039720 4.376106 0.166667 3.010853 
3404.443241 3090.137865 3376.513722 3073.740356 6.606726 0.333333 2.640832 
1968.946075 934.843715 1981.858232 912.224723 8.829691 0.333333 4.256539 
1126.933108 646.774775 1101.713736 632.153148 4.998683 0.166667 0.352063 
1044.315747 1133.224927 1077.683919 1153.010786 2.863423 0.166667 8.057313 
902.236702 175.688244 917.731758 147.769249 7.902050 0.333333 1.236225 
3371.797744 3070.766023 3346.248155 3056.769237 6.444152 0.333333 0.902358 
954.041075 576.177744 976.801376 589.927751 4.723191 0.166667 0.678848 
3331.392980 3046.502095 3313.826644 3036.848271 3.796573 0.333333 0.171619 
2501.390616 932.721047 2538.256885 953.827950 7.444518 0.333333 5.492396 
4107.666541 1657.667280 4060.160588 1630.177566 1.825552 0.333333 2.225274 
4331.501116 2215.337765 4344.087028 2191.808209 8.945786 0.333333 4.546915 
2007.490521 637.064010 2038.467364 655.034858 4.241984 0.166667 0.549830 
1233.437590 708.849291 1211.148836 695.596251 3.672657 0.166667 0.268520 
1209.063008 693.694456 1179.668261 677.589732 2.329279 0.166667 1.464191 
1108.907027 1830.191906 1131.376241 1843.063612 2.639769 0.166667 2.465726 
2273.002587 798.330903 2315.385267 823.528238 5.021951 0.333333 8.550797 
2085.276478 683.705308 2103.103027 694.411586 3.876929 0.166667 2.688645 
1196.667324 700.056380 1209.845124 710.002099 3.249224 0.083333 1.929140 
2358.508143 2455.865467 2371.045677 2435.889024 3.091708 0.166667 0.676277 
3347.654968 3073.962376 3360.894904 3081.394159 2.618753 0.083333 2.113661 
2315.283631 825.030829 2333.148540 834.329775 3.714429 0.166667 1.239111 
3759.959334 3195.031188 3749.815438 3212.447377 8.284954 0.333333 1.830160 
2335.407794 835.981936 2353.174575 846.793533 3.070917 0.166667 1.034690 
2031.774531 1528.304290 2058.148316 1543.083391 5.410487 0.166667 3.784804 
3805.934102 3114.336198 3788.452964 3144.053242 9.886854 0.333333 10.302176 
882.172461 1683.874489 861.353939 1671.501742 2.801348 0.166667 0.468278 
2339.621320 2490.068223 2358.350150 2456.306479 4.372308 0.166667 1.237439 
32.960382 1742.759271 52.026464 1755.396482 3.019399 0.166667 3.843984 
1686.377482 1023.012851 1709.436386 1035.751120 6.220740 0.333333 0.274199 
3379.553741 3066.534385 3401.358742 3077.976754 4.427429 0.166667 0.124281 
2161.481081 2437.706667 2148.578325 2449.856421 4.284648 0.083333 1.331875 
1016.121975 1791.025440 1053.322663 1812.787104 3.441549 0.166667 0.300949 
