15.274180 570.630214 15.723658 493.118324 6.322379 0.333333 39.351620 
308.119533 383.872046 411.891418 384.631416 4.152361 0.333333 80.780907 
811.898073 2095.108215 826.868231 2095.776602 4.995024 0.041667 0.818105 
800.620541 394.319591 965.626582 394.031695 5.215906 0.333333 70.409618 
1221.836872 2090.470604 1291.894238 2089.464302 6.249355 0.333333 28.947503 
1293.092135 2089.661443 1440.633847 2087.470891 5.185016 0.333333 81.319079 
2044.370225 10.229320 2121.881777 10.662562 5.349253 0.333333 22.937166 
2079.364336 2080.201799 2196.875496 2079.452824 4.355408 0.333333 56.645241 
2198.120095 2079.699520 2391.877903 2078.672709 4.562731 0.333333 122.992841 
2751.878465 319.532951 2913.134774 320.044614 5.055502 0.333333 79.911217 
2943.106896 2072.723571 3193.145363 2069.982563 6.098901 0.333333 139.083239 
3120.611938 324.185889 3165.666669 324.740605 6.649638 0.333333 24.031585 
3200.399640 1775.622459 3200.019320 1809.354077 4.116172 0.333333 11.346276 
3205.020599 1809.397891 3204.310360 1751.860368 6.573527 0.333333 19.807101 
3194.332839 2068.916754 3675.645410 2062.057105 5.878242 0.333333 288.777499 
3654.110510 1525.626418 3654.150086 1498.121079 4.994599 0.333333 2.315493 
3700.050415 944.368875 3700.957387 1044.383321 6.397099 0.333333 41.383258 
3706.917415 675.633103 3704.644248 336.873193 5.964894 0.333333 192.537527 
3705.722758 886.906946 3705.506031 870.609959 3.965752 0.333333 2.161044 
3704.941291 934.400559 3705.592998 888.089369 6.636332 0.333333 15.406102 
3705.366844 1040.625745 3705.107009 950.626495 5.223727 0.333333 63.109460 
3999.967816 1446.871468 3999.845115 1513.128185 5.013881 0.333333 45.083683 
4000.341418 1096.874655 4000.317811 1201.875493 6.249157 0.333333 52.603523 
4000.470389 1203.123075 4000.136411 1446.874331 6.195188 0.333333 131.298873 
3999.861318 1514.374000 4000.175911 2060.625259 5.312432 0.333333 508.084894 
4004.439241 1569.376152 4004.660562 1316.874155 6.413248 0.333333 161.172639 
4005.122614 385.683105 4005.910161 375.550012 3.932442 0.166667 0.236613 
4006.163862 476.916378 4005.054423 424.334291 7.762012 0.333333 18.935159 
4005.845316 845.627149 4006.076407 553.122394 6.478123 0.333333 187.899912 
4005.424430 978.127960 4005.794658 846.868427 5.345500 0.333333 83.651680 
15.350608 459.396056 15.623402 414.367418 6.249885 0.333333 13.013991 
501.877967 381.207773 266.882613 380.162893 5.794188 0.333333 99.484062 
3200.137784 1606.876332 3199.995957 1688.126084 5.117819 0.333333 40.203940 
20.264470 1715.614924 19.581611 1570.618140 6.667892 0.333333 86.708783 
20.633894 1756.876176 20.653238 1715.623255 6.249413 0.333333 23.827991 
2123.112065 10.555702 2285.647334 12.336312 6.646728 0.333333 100.100442 
3650.274049 1451.867360 3649.528419 1608.119767 5.644150 0.333333 100.998114 
4004.793741 1316.870454 4005.530866 979.369334 6.861522 0.333333 202.708705 
15.465290 399.375260 15.472241 336.874844 5.001529 0.333333 16.188686 
2734.374275 19.502337 2831.885351 20.057751 4.921601 0.333333 26.491574 
4004.019818 1981.874851 4004.133518 1710.624375 5.105316 0.333333 131.097075 
3098.081422 1822.238942 3205.587680 1820.045692 5.942316 0.333333 57.143167 
890.596210 644.058857 938.153861 644.685823 5.804560 0.333333 6.951303 
1726.874517 155.963027 1961.877608 156.298549 5.319450 0.333333 127.223778 
15.328479 491.876536 15.378818 460.620577 5.022138 0.333333 8.059850 
765.618787 2095.050900 795.639231 2095.326865 5.011279 0.083333 0.821912 
2391.882420 2074.863795 2366.868926 2074.771517 6.314517 0.333333 0.728604 
96.864781 2099.188004 171.887654 2098.654515 5.079871 0.333333 40.954124 
771.874515 644.036205 889.375813 644.098810 5.041291 0.333333 52.695601 
1938.113182 2081.916272 2078.136461 2080.547202 6.384135 0.333333 64.205918 
359.453577 1300.602968 359.288335 1328.139482 6.407385 0.333333 4.305689 
660.621399 389.480069 700.660050 390.852385 5.389965 0.333333 32.553716 
3700.996013 874.346136 3700.147443 936.936313 7.634874 0.333333 15.562131 
716.871458 2095.067067 764.383008 2095.310225 3.839512 0.333333 8.861346 
1315.409780 404.372794 1315.365091 459.377836 8.769293 0.333333 24.370936 
1034.374774 646.154806 1323.124928 646.191493 6.273982 0.333333 156.320844 
3705.467963 869.381673 3706.643402 676.865954 5.915742 0.333333 107.399024 
414.334205 384.758140 495.689563 386.790364 6.778702 0.333333 51.042267 
9.017595 2000.619885 8.587587 2030.667397 4.892167 0.333333 2.652962 
266.331024 593.151247 266.576611 563.153258 8.964603 0.333333 3.209716 
1751.869308 905.890348 1821.882406 906.153338 3.998826 0.333333 17.609227 
2354.389837 2074.871603 2221.867545 2075.997341 6.716967 0.333333 37.401344 
15.590439 335.626561 15.499280 260.623634 5.037978 0.333333 14.106390 
3798.132853 29.179133 3765.616034 29.421362 6.268449 0.166667 7.715374 
20.014262 1891.881927 20.509212 1756.888325 6.703681 0.333333 97.909740 
11.498813 1858.062462 10.890972 1898.166922 10.586096 0.333333 5.194807 
841.873706 2095.477609 869.382559 2095.236116 3.026002 0.166667 14.138637 
1283.162491 2085.635012 1259.396423 2084.916444 3.898252 0.166667 0.182329 
3199.974420 1688.125605 3200.002282 1775.625596 6.264727 0.333333 19.819863 
870.583490 2095.448201 900.703462 2094.571920 5.070587 0.166667 7.432481 
4005.515850 376.894346 4004.431612 160.605918 8.079420 0.333333 147.880434 
1086.856294 2092.832036 1220.647247 2091.209991 6.613226 0.333333 70.847267 
1473.092598 2087.959925 1650.642618 2083.894405 5.904984 0.333333 109.385915 
1963.124505 156.211065 2340.624480 156.113528 5.097214 0.333333 139.221521 
2438.121057 2078.625898 2655.628399 2079.115784 5.481409 0.333333 127.770667 
18.588787 1468.137788 18.054723 1383.101890 9.283656 0.333333 53.742165 
3514.382347 1608.143039 3364.369036 1608.580726 5.386566 0.333333 68.100842 
3653.942879 1488.137862 3654.611974 1445.589413 5.235235 0.333333 4.540905 
9.546936 1298.085163 10.666270 1373.161658 7.031954 0.333333 49.405593 
966.868037 395.646114 1319.375705 396.619686 6.398425 0.333333 203.980828 
3753.175469 29.266724 3728.024409 28.332189 4.484273 0.333333 5.765103 
1320.880809 644.377519 1322.850051 444.384601 6.932051 0.333333 111.943337 
3879.378450 29.306554 3854.368808 29.241105 3.772877 0.166667 4.227059 
4003.957759 1710.627060 4004.304077 1570.618641 6.308728 0.333333 59.733829 
2654.372118 19.736154 2721.875461 19.517284 3.924256 0.333333 17.720686 
3853.153245 28.910637 3811.859163 29.483607 5.398397 0.333333 4.156754 
8.730701 1971.862885 9.281512 1999.401871 4.024211 0.166667 9.717188 
1315.508693 460.619159 1315.182141 606.879593 8.900683 0.333333 102.829031 
9.563334 2029.366507 9.123129 2084.392985 6.609782 0.333333 17.807263 
2152.821708 1691.033141 2186.740367 1716.238304 5.596116 0.333333 7.929171 
3710.635387 28.737168 3673.122609 28.946407 6.305680 0.166667 2.010766 
370.312673 1644.378334 369.645349 1581.872114 6.663320 0.333333 16.662449 
550.615344 388.590628 575.656419 389.109911 6.300489 0.166667 4.271363 
1710.649090 144.975153 1680.574675 144.593809 6.518926 0.333333 1.031498 
2210.625497 2075.701549 2155.619700 2076.058714 6.339148 0.333333 9.002874 
2871.835246 1826.377698 2901.904999 1825.693568 5.878768 0.333333 3.564239 
4003.724391 2063.127131 4004.013274 1981.869270 5.253270 0.333333 32.770217 
2833.112788 20.308917 2923.162771 21.486394 7.393502 0.333333 48.570191 
1609.374738 155.803914 1671.878267 155.895495 3.832414 0.333333 13.481970 
315.613422 633.972967 388.151101 634.963414 5.289659 0.333333 33.170230 
765.622367 393.786574 799.386759 393.920976 7.544722 0.333333 4.275493 
2430.588887 13.842941 2470.653981 14.292573 6.530152 0.333333 1.928994 
2286.856017 12.656872 2415.641489 13.860052 7.148905 0.333333 62.377853 
1265.652661 1473.163206 1265.025704 1453.104661 2.732478 0.166667 1.041351 
4000.383109 881.873652 4000.189975 1095.626866 7.656987 0.333333 137.172312 
1264.911141 1638.122758 1265.060365 1590.619300 5.105995 0.333333 7.853324 
19.085618 2031.921664 18.326184 2006.868901 5.906261 0.333333 11.779453 
576.871259 388.841799 660.618978 389.278852 5.936798 0.333333 17.694157 
1651.855943 2083.638228 1936.877679 2080.904265 6.207696 0.333333 124.576439 
4000.165071 610.623644 4000.276888 881.876174 8.839658 0.333333 161.081798 
15.093797 635.630183 15.261656 571.867462 8.809202 0.333333 25.778128 
180.661072 2093.579338 140.610397 2093.922959 8.889092 0.333333 2.019272 
535.625526 631.040366 485.623181 631.008835 5.008670 0.333333 19.637741 
2061.361389 1622.588332 2097.451749 1648.573978 5.721471 0.333333 11.446987 
426.877174 630.812523 284.370098 630.520962 6.091427 0.333333 62.039692 
2238.235360 1619.411959 2218.150935 1679.383686 5.199350 0.333333 13.361974 
3704.356749 34.919569 3894.375197 33.146074 6.541380 0.333333 145.603538 
3999.558647 534.362926 3999.896187 609.389526 7.764235 0.333333 56.585986 
1803.127762 2077.845847 1750.621160 2077.750997 7.536117 0.333333 1.450553 
3653.889164 1600.632949 3654.180276 1526.869298 6.264751 0.333333 30.270908 
4005.404557 424.377668 4004.919768 384.323020 7.454067 0.333333 14.919069 
15.696046 414.391910 15.872437 400.612166 4.454588 0.166667 1.050851 
259.764176 448.088277 259.025806 515.662160 9.145553 0.333333 53.213411 
4004.494743 159.422603 4003.442704 106.818648 8.098358 0.333333 14.769832 
3616.865890 1615.993203 3654.364702 1616.204300 5.196948 0.333333 4.098240 
9.230817 1911.874212 9.025728 1949.386758 6.366083 0.333333 5.967881 
2122.806349 1661.942493 2103.499639 1646.736420 6.039684 0.166667 3.628923 
19.524464 1545.655423 18.747392 1485.616944 9.056635 0.333333 25.579075 
649.373605 2105.832929 754.375090 2105.692377 3.890547 0.333333 18.133700 
675.635452 383.724672 648.115019 383.633368 8.812158 0.333333 2.992557 
3204.322330 1693.135559 3204.017238 1619.376480 6.529147 0.333333 20.165583 
18.871218 2008.108254 19.969336 1893.106803 6.607776 0.333333 66.394278 
2018.271862 1589.605658 2061.566368 1621.861474 5.327252 0.333333 22.677474 
2314.367841 1429.158773 2394.381317 1429.712868 4.009592 0.333333 27.006352 
389.336758 634.957656 453.189374 636.290081 7.837386 0.333333 23.207818 
913.053459 2094.906432 941.947007 2093.856395 5.176640 0.333333 5.851874 
4003.827887 106.877211 4003.761762 53.121141 8.780746 0.333333 16.499374 
19.199067 1484.479579 19.885308 1469.229219 5.159728 0.333333 1.610286 
19.972648 1569.403887 19.629919 1546.833167 6.382130 0.333333 3.712710 
1710.699755 2077.670939 1618.080913 2079.193990 8.481634 0.333333 40.515695 
2403.093174 1744.369311 2403.490179 1829.373294 4.111913 0.333333 38.169934 
259.204869 516.753159 258.051102 565.711632 9.231534 0.333333 12.835270 
7.010832 673.119887 6.674855 910.628253 6.288895 0.333333 151.635407 
3701.548161 774.363546 3701.690427 816.879800 6.367080 0.333333 1.906232 
3998.292240 129.362568 3997.998986 184.387652 6.503057 0.333333 43.148436 
258.194653 566.870541 258.298779 626.879036 7.573734 0.333333 24.443391 
1624.369227 905.807670 1721.877718 906.200584 4.112625 0.333333 25.779302 
3675.622207 2061.907641 4001.874619 2061.538335 6.306594 0.333333 182.569640 
295.628259 2093.053636 213.120470 2092.949053 7.602983 0.333333 70.082622 
544.377886 381.478982 503.111857 381.178210 6.377381 0.333333 5.099934 
2193.340862 1715.736115 2122.877884 1662.200250 7.250840 0.333333 31.880000 
3174.378382 318.747408 3141.869481 318.688849 7.556279 0.333333 1.332173 
3997.924748 185.616758 3998.601303 374.386733 6.496359 0.333333 176.500302 
357.839840 1186.853896 358.221277 1226.885993 6.368814 0.333333 12.273958 
699.388610 384.197981 676.857417 384.083431 7.582486 0.333333 3.096265 
3513.121598 34.022522 3608.127761 34.117662 8.841374 0.333333 29.268024 
7.977521 1215.626954 8.673094 1268.117737 5.181751 0.333333 28.525006 
193.119638 2098.786230 366.882740 2098.279555 5.142128 0.333333 210.343043 
268.415105 496.884497 268.006763 401.864765 7.838351 0.333333 54.377524 
2454.374929 1828.798028 2676.875189 1828.821351 3.771619 0.333333 234.828345 
2679.322870 2078.102183 2771.886664 2076.189485 6.161011 0.333333 55.307309 
3425.622100 31.535849 3483.129477 31.718955 3.825602 0.333333 29.758397 
3700.957926 520.619693 3701.042248 565.628902 7.570241 0.333333 7.714865 
316.916437 2092.662279 296.823052 2093.070966 5.623191 0.083333 0.176780 
1723.168321 2078.423176 1711.862974 2078.598204 2.673402 0.083333 3.705577 
2393.120708 2078.554975 2438.129994 2078.669958 3.836207 0.333333 3.672459 
2404.373133 1828.718010 2453.130519 1828.871478 3.864081 0.333333 20.445473 
2773.130807 2076.412281 2824.388421 2077.055500 6.845527 0.333333 22.759801 
3998.108267 29.371873 3998.190973 128.127038 6.320137 0.333333 48.016745 
6.765078 911.866653 7.594554 1149.381218 6.040424 0.333333 137.402252 
2104.668823 1654.802176 2146.975447 1686.311814 6.056770 0.333333 12.728756 
2148.128085 2075.900769 2120.603561 2076.208701 3.567822 0.333333 2.955080 
3699.232800 340.598215 3701.277401 520.574987 9.004666 0.333333 103.110288 
3701.588669 818.123853 3701.616948 841.876795 4.401783 0.166667 5.761118 
3038.114032 322.556068 3119.403341 323.865145 4.918843 0.333333 52.415767 
3355.622019 31.351123 3424.381124 31.633451 5.159066 0.333333 14.480251 
3588.123664 338.575847 3700.626380 338.909350 4.053833 0.333333 44.923555 
3998.578147 401.870064 3998.682624 464.376157 6.281331 0.333333 35.611283 
3998.685626 465.592056 3999.412681 533.138049 8.870579 0.333333 24.976639 
18.393044 2071.887660 18.716458 2033.109083 4.989401 0.333333 19.529228 
173.116887 2098.822263 191.883384 2098.737804 3.834347 0.333333 1.609114 
1230.629759 144.198815 1178.119740 144.306346 4.994870 0.333333 3.193392 
2103.144011 2076.254634 2063.115116 2076.497789 6.348593 0.166667 3.988118 
2271.877849 6.797334 1986.871114 6.185719 6.429710 0.333333 162.099761 
2508.136330 15.091850 2546.948495 15.916677 8.508997 0.333333 3.761384 
1322.090804 444.400009 1321.529606 393.142467 5.506042 0.333333 43.059104 
2001.882724 2076.677082 1981.865448 2076.824050 5.008975 0.333333 4.263262 
2901.867912 2073.198133 2941.881518 2072.957139 3.975783 0.333333 29.356956 
3701.901512 706.867788 3701.510856 773.137591 7.691452 0.333333 15.303102 
2034.374068 2076.578321 2019.370291 2076.625433 4.418144 0.166667 1.041351 
358.648395 1246.852594 359.037714 1299.386763 7.842534 0.333333 18.049944 
371.878420 2094.287318 351.811437 2093.504594 2.592691 0.083333 0.762196 
2924.379216 22.328719 2991.883942 22.686130 5.297747 0.333333 27.826323 
358.881807 1060.470345 356.972200 1081.994522 4.614158 0.333333 1.132847 
357.351612 1083.120767 357.602896 1185.629344 6.243853 0.333333 39.075600 
358.144307 1228.118353 358.190504 1245.628125 6.273064 0.333333 0.435739 
3073.096810 23.647231 3138.159881 24.682159 6.905271 0.333333 20.674715 
979.344718 645.432498 1033.151068 646.138606 7.975026 0.333333 14.064356 
1264.799172 1590.626472 1264.963999 1543.118370 5.112726 0.333333 8.208814 
1914.377160 2077.249395 1804.366398 2077.884093 7.651320 0.333333 41.688456 
2207.451482 1724.571979 2217.041783 1696.504874 5.943934 0.166667 10.897090 
3483.094493 32.084295 3511.889327 31.700815 4.082580 0.333333 3.536086 
2018.143954 2077.334356 2003.092671 2076.973528 3.898353 0.166667 0.372033 
350.626204 2092.872063 328.123214 2092.854037 6.259010 0.333333 4.054632 
2993.105814 22.734529 3048.135368 23.235030 5.363583 0.333333 13.125274 
3011.915768 322.040531 3036.927412 322.980776 5.963845 0.166667 4.299532 
7.801946 634.338946 7.322076 671.912638 8.509842 0.333333 11.753817 
267.072316 554.353020 268.247372 498.075356 9.243876 0.333333 22.082345 
510.484539 637.760034 535.700464 638.806361 3.326921 0.166667 1.498469 
1264.838700 1383.126037 1264.928154 1343.123442 3.183691 0.166667 6.168172 
1738.146623 2077.752808 1724.299113 2077.568230 5.657543 0.333333 0.901425 
1949.374924 10.199136 2043.125153 10.207743 5.000344 0.333333 30.552378 
1314.930207 608.068799 1315.984769 641.941632 7.651957 0.333333 5.234120 
3429.371155 331.299661 3488.126371 331.634549 2.692321 0.333333 25.167438 
1671.193878 1302.228633 1648.499779 1319.473196 3.101326 0.333333 0.788678 
2466.913563 1824.595339 2431.868305 1824.935723 5.218231 0.333333 5.676962 
2388.131296 7.134797 2283.118073 6.839641 6.545093 0.333333 62.542313 
18.852619 2089.391982 18.992422 2073.110981 3.857147 0.166667 1.121138 
2186.023538 1716.293140 2209.450774 1732.339352 4.732704 0.333333 2.653253 
2970.641451 316.344083 2931.873270 316.667973 3.854297 0.333333 0.765691 
1980.651685 2076.825896 1915.604957 2077.534113 7.853389 0.333333 13.543496 
2594.347134 16.756969 2653.151215 17.208132 7.940923 0.333333 11.780602 
2905.690517 2068.002952 2875.575618 2068.832673 5.410276 0.333333 5.575228 
4005.921359 551.877653 4005.881981 500.622882 7.529769 0.333333 12.340044 
1723.118187 906.283064 1750.628930 905.966432 3.167826 0.166667 5.304879 
17.300741 1338.130238 17.261331 1313.120452 8.105289 0.333333 3.831141 
2914.354789 320.815948 3011.905728 322.184204 7.546669 0.333333 43.555470 
3528.120317 331.956148 3694.381452 332.541027 4.317224 0.333333 30.101521 
454.382939 631.135371 429.358987 630.866763 3.655723 0.333333 7.817656 
2055.688767 2076.555665 2035.602770 2076.929013 5.254670 0.333333 0.837730 
1673.119364 155.741152 1726.878763 155.962937 5.108251 0.333333 13.078995 
3328.154181 1608.860946 3303.078332 1608.446139 3.434438 0.166667 1.531721 
3701.226773 840.623190 3701.245737 873.126096 7.502187 0.333333 2.302061 
7.815576 564.374332 7.667216 633.129407 7.615965 0.333333 33.736317 
8.780928 1268.058504 9.787325 1296.904226 7.582609 0.166667 6.282757 
1349.376161 143.948555 1276.874784 143.989132 6.286378 0.333333 11.636767 
3339.360781 30.924007 3354.445555 31.641369 2.672487 0.166667 0.236613 
484.382203 631.279336 455.606180 630.931364 6.219314 0.333333 2.279343 
536.871163 638.755689 590.634382 639.082733 4.908663 0.333333 16.476874 
11.280863 1436.851987 11.591022 1479.386186 7.745899 0.333333 14.103957 
2704.347825 1828.694540 2784.419939 1827.567369 6.601270 0.333333 44.340768 
2409.377043 1426.326271 2300.633207 1425.921311 5.069790 0.333333 31.871712 
1261.547233 1275.611455 1261.225040 1313.140883 2.110943 0.333333 2.086318 
2656.814778 2079.126815 2681.975108 2078.115450 5.799253 0.333333 13.497034 
3555.611122 1452.495909 3593.132560 1452.329496 6.316465 0.333333 1.662831 
265.623930 634.049589 314.377513 633.889248 2.652093 0.333333 12.877305 
2041.715011 1600.834827 2014.079150 1579.763010 6.013706 0.333333 3.894293 
3573.148791 1608.029349 3515.618678 1608.403882 6.591646 0.333333 12.201572 
591.920582 381.415718 569.348922 381.068044 3.028001 0.166667 1.041351 
2217.158826 1696.117991 2239.046562 1628.019436 5.440037 0.333333 15.031227 
1040.624154 2092.520641 1085.627353 2092.579630 3.790958 0.333333 28.827394 
2825.599500 2076.443272 2860.629354 2075.912114 7.821315 0.333333 7.028849 
368.063581 2097.885363 409.486788 2099.010918 7.870711 0.333333 21.906698 
2678.122657 1828.500132 2703.137296 1828.656374 3.257603 0.333333 2.161044 
3049.366019 23.316415 3071.888510 23.456744 6.296607 0.166667 1.632842 
11.698250 1555.623204 11.666770 1580.629459 7.528318 0.333333 1.515862 
264.379429 623.531152 309.387707 623.040393 5.258651 0.333333 11.273928 
3139.337229 24.741757 3204.447705 26.262861 8.899286 0.333333 30.643889 
368.259612 1446.877656 368.214693 1406.870689 7.544906 0.333333 15.275312 
3998.724808 375.617996 3998.674756 398.131780 7.547225 0.333333 5.297174 
12.046665 1585.609198 12.344646 1683.135023 10.294035 0.333333 48.839003 
7.671384 1150.624564 7.682836 1204.375361 5.008522 0.333333 36.000255 
211.900135 2093.600244 181.863528 2093.369707 7.653279 0.333333 4.986345 
2431.887309 7.482858 2389.363223 7.651275 8.809338 0.333333 9.191934 
2685.638463 2073.137954 2665.618947 2073.245206 4.461931 0.166667 0.364104 
454.290775 636.447035 483.044076 637.615819 8.001501 0.333333 4.247662 
666.887153 633.010449 610.610193 632.833466 8.848233 0.333333 20.894142 
2860.647330 2074.886763 2901.764510 2073.092713 7.547360 0.333333 12.547351 
1264.879946 1451.876233 1264.838212 1384.374714 5.037094 0.333333 14.576901 
1240.637002 641.375581 1179.369376 641.601799 6.397648 0.333333 16.456166 
2546.932735 15.960340 2593.175651 16.532696 9.197967 0.333333 6.795024 
2993.153210 317.017785 2971.821514 316.474293 3.250727 0.166667 1.168073 
359.902928 1329.336245 361.295012 1438.100426 8.091296 0.333333 49.193983 
420.579693 2098.784474 480.674886 2099.646250 9.268879 0.333333 17.700769 
265.604848 384.124241 306.880975 383.570002 4.965983 0.333333 3.894293 
2349.371650 155.841419 2369.405549 156.151547 2.615788 0.166667 4.426959 
3702.535760 658.118382 3702.310857 678.143934 3.904178 0.333333 0.788678 
10.505227 1374.329685 11.673155 1435.676438 8.843588 0.333333 23.259019 
2770.661059 2070.736654 2709.336456 2071.583359 9.387676 0.333333 15.055018 
8.594667 488.102897 8.228577 563.137703 9.042628 0.333333 34.380270 
1584.185194 1367.871159 1545.340742 1396.916555 5.267038 0.166667 5.862132 
2102.232709 1646.768629 2080.536438 1629.840604 6.584613 0.333333 0.645400 
3915.625330 29.424463 3880.618545 29.658183 2.716867 0.166667 6.023749 
341.873296 621.972421 386.876556 622.001936 6.278692 0.333333 6.049188 
2948.135508 2068.013110 2904.356043 2067.836974 8.860568 0.333333 5.656357 
3204.567421 1751.874627 3204.455906 1694.369995 7.579979 0.333333 17.024509 
700.617399 643.746749 749.390673 644.343041 4.131747 0.333333 18.504903 
570.672587 2092.196107 553.126356 2091.812894 6.384979 0.333333 1.052857 
3526.873914 338.171168 3555.627273 338.145231 2.505636 0.333333 4.546651 
943.129704 2093.498771 1039.380191 2092.287437 4.873762 0.333333 50.697927 
509.373574 1648.973276 541.876638 1648.957302 8.758599 0.333333 1.306447 
594.393299 632.750379 576.846267 632.638679 8.821436 0.166667 2.864100 
3009.340072 1822.778766 3096.903583 1821.704208 7.530112 0.333333 37.071392 
17.757319 1381.899665 17.561822 1339.354613 10.132001 0.333333 14.730008 
549.365869 2097.326188 578.154973 2096.997104 4.942523 0.166667 2.744149 
1301.878533 391.904196 1241.872086 392.069935 6.294859 0.333333 12.109439 
1441.869733 2087.574961 1471.896250 2087.800891 6.259228 0.166667 9.966910 
9.918054 315.620088 8.728057 486.896559 9.305600 0.333333 92.692001 
706.898347 391.156804 741.983174 392.297323 7.983395 0.333333 7.122452 
14.193340 749.412935 14.645210 721.797606 10.162270 0.333333 0.710325 
1574.368917 905.916493 1623.128876 905.782200 5.082606 0.333333 6.950586 
3593.123912 1444.349878 3565.513290 1445.545700 2.333056 0.166667 3.165355 
3701.305210 565.576045 3701.651401 596.905096 7.582413 0.333333 5.516504 
2309.379278 153.038446 2231.876071 152.790378 3.994036 0.333333 8.794051 
2407.230288 1640.657548 2407.839334 1610.619208 3.250669 0.333333 1.165642 
36.852329 2099.719146 95.648407 2099.100842 6.749140 0.333333 20.411979 
641.793835 640.189298 664.455394 641.080312 6.770025 0.333333 0.654345 
1271.594640 1251.875899 1271.658926 1093.124913 5.060741 0.333333 18.497572 
1579.379072 144.426745 1546.867659 144.528450 6.261700 0.333333 3.194109 
2061.303556 1615.176910 2041.779099 1601.263710 4.361159 0.166667 0.414651 
2729.379694 9.483195 2674.371730 9.412292 8.819274 0.333333 14.353449 
3271.881144 1608.327346 3221.876751 1608.538879 5.163878 0.333333 2.644182 
3701.097705 604.365286 3701.612306 629.406087 5.648836 0.333333 1.863299 
11.558829 1504.359806 11.383338 1536.885836 8.837547 0.333333 5.361347 
3165.551134 325.048407 3249.459343 327.001509 9.764589 0.333333 38.270671 
12.379440 1683.130927 12.430530 1721.880860 11.278008 0.333333 15.057509 
1683.126730 902.850241 1600.622130 902.330750 2.956414 0.333333 12.089232 
2406.243508 1806.895481 2406.572751 1776.857986 3.749700 0.166667 3.247536 
3616.855064 1452.691987 3649.394918 1452.306545 5.058871 0.333333 8.249572 
3701.833112 629.301847 3702.240125 656.888056 4.687677 0.166667 11.818640 
523.124627 389.054472 548.125124 389.064492 3.758015 0.333333 3.369021 
2080.322301 1629.784671 2061.622039 1615.967356 5.769522 0.166667 1.781889 
130.644490 2093.967329 83.113516 2094.169053 7.664388 0.333333 16.036650 
3701.411016 678.198857 3702.095062 705.650664 7.245940 0.333333 0.088784 
1268.369882 1139.364640 1268.733825 1191.879444 3.480078 0.166667 0.397909 
369.751783 1580.629712 369.687944 1551.865983 7.538822 0.166667 7.865691 
1526.901689 145.055920 1489.336416 144.504768 7.517531 0.333333 0.683150 
3608.153989 34.221969 3703.148748 34.927516 9.408907 0.333333 45.973978 
1968.125467 5.831698 1908.122950 5.967199 5.062089 0.333333 11.568041 
2406.330748 1775.624944 2406.344492 1641.874945 5.008606 0.333333 26.461641 
1590.655025 2079.447281 1525.605525 2080.206585 9.590802 0.333333 19.966045 
1784.371453 759.716630 1851.890130 760.417582 4.320755 0.333333 0.291293 
755.617943 2105.765397 841.878387 2105.507428 3.895774 0.333333 24.768334 
3553.134970 28.376032 3525.612760 28.101341 2.574603 0.166667 4.007463 
195.624961 129.111370 303.125027 129.113267 7.501169 0.333333 48.343932 
344.518062 124.187682 304.232963 122.043064 6.824886 0.333333 6.429812 
604.368570 639.613638 641.862471 639.775596 7.564723 0.333333 5.802036 
2499.398834 8.176559 2461.852061 7.934595 7.709281 0.333333 8.154955 
2785.596505 1827.568110 2824.401393 1827.206393 7.488023 0.333333 5.663407 
3181.836103 2064.943767 3144.341708 2065.402212 6.662164 0.333333 1.939669 
646.945749 383.703249 593.027399 382.500549 8.719948 0.333333 31.537767 
3494.355598 1051.981433 3521.868886 1051.514643 3.791869 0.333333 2.588702 
3695.627074 2057.304686 3588.121065 2057.437399 6.279314 0.333333 48.790794 
3774.375743 2057.022105 3696.874094 2056.969869 5.041281 0.333333 48.003461 
1639.096448 1326.502202 1619.871680 1340.866798 4.236047 0.083333 1.941236 
3273.127409 1612.947688 3203.122148 1613.104908 1.995707 0.333333 5.505084 
361.008278 1450.537819 361.617030 1470.670596 5.109910 0.333333 3.448615 
939.349391 644.731810 978.169219 645.350517 7.857605 0.333333 8.382043 
2591.907337 2074.851666 2569.353165 2074.491203 5.843927 0.333333 0.126095 
369.478143 1520.632066 369.385987 1489.371283 6.312617 0.333333 5.275910 
1916.912437 152.243519 1880.595128 153.083552 2.614618 0.166667 3.422716 
2601.909378 9.215846 2543.088408 8.455401 8.991651 0.333333 15.924019 
1679.375301 144.959616 1580.623624 144.914929 7.543554 0.333333 36.562925 
2460.654403 7.578932 2433.104211 7.993504 7.517959 0.333333 3.482282 
3933.130000 2056.953777 3845.622629 2056.773082 6.425504 0.333333 17.403057 
1389.390283 144.053021 1350.615879 144.325102 6.512978 0.333333 6.546964 
439.352353 621.319855 480.626861 621.612430 6.267532 0.333333 4.575037 
495.631840 387.481287 523.156540 387.170772 7.739236 0.333333 4.670608 
2218.380182 1679.887490 2203.732948 1722.906392 6.043371 0.333333 6.492856 
12.142995 1761.915314 11.742032 1789.445885 10.290194 0.333333 7.627478 
14.621985 706.906657 14.505101 689.357482 9.974775 0.333333 2.477562 
2403.257629 1606.857284 2402.976807 1644.383245 2.705648 0.333333 4.089789 
2669.384065 9.347613 2619.366775 9.168218 8.870993 0.333333 5.680916 
3214.330476 1616.639514 3265.683509 1617.649192 6.641946 0.333333 16.698090 
745.731418 2089.900836 710.599025 2091.136431 9.491487 0.333333 1.202254 
362.841639 1579.368454 362.890230 1614.378796 10.041627 0.333333 4.117052 
2560.631697 2074.959885 2525.623039 2075.087653 5.100331 0.333333 14.775222 
411.885896 124.621484 354.351962 123.996808 5.352554 0.333333 3.739649 
3523.123733 1051.254890 3613.128397 1051.435915 3.815359 0.333333 32.859393 
3554.335792 1617.326881 3608.137863 1616.296938 6.583799 0.333333 12.681367 
2218.208865 1301.348829 2199.315887 1336.164603 4.394638 0.333333 1.559725 
1420.680223 144.449853 1396.806721 143.327983 5.053164 0.166667 0.833710 
1619.729510 1341.091049 1587.887293 1365.312503 4.021990 0.333333 3.281686 
2930.618409 564.470012 2990.630721 564.127555 4.092320 0.333333 14.320704 
369.868541 1480.674382 369.525699 1458.065849 4.582479 0.333333 0.646105 
2533.157122 8.330785 2510.597707 8.513975 6.996471 0.333333 0.125634 
316.769951 623.175327 340.797388 622.144957 6.028895 0.166667 0.193867 
367.884987 1389.382338 367.806804 1346.868689 8.821247 0.333333 22.887892 
361.702169 1519.356579 361.377723 1544.417111 4.455385 0.333333 2.689809 
3894.357236 32.892267 3921.892495 33.373091 4.098618 0.333333 6.987091 
1414.402180 2082.479982 1381.850597 2082.198662 8.373083 0.333333 2.232904 
2874.445423 2068.332953 2855.498117 2069.248154 5.616266 0.166667 2.016910 
66.852650 128.596190 101.911664 129.051431 7.629207 0.333333 5.897275 
705.652920 634.008093 668.083443 633.642221 7.779556 0.166667 7.239905 
1870.624832 10.077457 1948.124831 10.070216 5.005840 0.333333 25.206784 
1265.079675 1496.880286 1265.248600 1474.362799 3.815499 0.333333 5.505084 
260.540044 381.841958 259.708094 446.927192 10.350672 0.333333 33.700599 
1836.890504 895.267903 1784.357079 895.647988 6.557320 0.333333 1.752979 
1663.152285 894.772688 1615.632958 895.220141 7.687984 0.333333 4.690308 
2804.376592 9.187253 2771.868331 8.911633 7.001858 0.333333 2.748202 
398.138111 1066.428163 360.633722 1065.327731 3.785048 0.333333 2.315493 
671.820132 641.537199 701.929718 640.955044 7.836890 0.333333 5.739959 
571.952963 631.089462 556.783711 630.508467 3.552225 0.166667 1.747400 
813.141144 2089.845366 786.873321 2089.716067 8.854478 0.333333 2.448845 
2283.118285 1302.246226 2245.585344 1301.567311 4.080088 0.333333 5.665470 
388.122254 621.975980 438.129670 622.077627 6.346538 0.333333 10.272284 
1469.519421 2081.124399 1415.544033 2082.541863 11.112274 0.333333 23.439447 
3513.164536 28.047235 3483.114401 29.060726 3.129174 0.333333 0.026483 
360.612976 128.799957 396.886108 128.560967 5.123425 0.333333 6.684101 
1845.632853 903.009231 1779.370669 902.628241 4.044607 0.333333 1.321069 
3650.650686 1608.103614 3606.842805 1607.218557 5.630199 0.333333 11.966484 
1616.895407 2079.200436 1591.853458 2079.420193 7.565526 0.333333 6.576240 
1849.840140 884.384952 1849.364326 846.859286 2.626385 0.333333 6.987091 
2115.628710 153.151754 2088.125172 153.068342 3.818220 0.166667 1.407702 
1525.607135 2080.270421 1485.639993 2080.520557 8.976696 0.333333 8.039231 
2868.107802 564.926233 2914.376626 564.677467 4.939443 0.333333 6.792362 
1838.120624 756.637442 1764.366599 756.318655 5.016162 0.333333 14.901531 
1286.884076 148.618782 1315.633487 148.748837 5.124351 0.166667 1.081868 
3584.385851 2058.135752 3554.355317 2057.872792 6.479607 0.333333 2.334332 
3966.872411 38.277638 3998.113421 38.807594 2.775077 0.333333 3.973693 
14.964011 655.696307 15.399271 636.840934 6.901517 0.166667 0.239186 
8.873274 1789.359054 8.780169 1806.885121 5.006552 0.333333 1.220457 
1549.375133 894.745382 1516.874945 894.740466 6.253970 0.333333 1.031498 
2403.289566 1661.875108 2403.236276 1743.126713 5.046729 0.333333 5.194807 
369.366379 1068.919360 404.389386 1069.299465 4.129612 0.333333 6.151134 
1614.364323 894.999356 1584.330354 894.485747 6.013800 0.333333 9.256703 
1810.637070 145.281063 1771.867292 145.498101 5.202831 0.333333 2.557226 
3556.828941 338.628794 3586.876099 338.202470 2.464029 0.166667 0.872094 
2979.368690 1823.348083 3004.384294 1823.455230 7.515970 0.333333 0.827686 
2261.115594 1554.088073 2249.892267 1583.792728 2.958373 0.333333 0.452589 
1733.152229 895.167346 1695.613445 895.477804 5.030756 0.333333 1.920155 
2903.041010 1824.443309 2921.893482 1825.059832 7.903887 0.333333 2.406749 
1011.872171 1098.388057 1066.878885 1098.230411 3.896864 0.333333 4.246015 
2279.983527 1506.311708 2290.575635 1477.644897 2.358031 0.166667 0.077297 
1810.625987 152.674667 1765.628941 152.576085 3.196193 0.333333 0.646105 
1119.373109 147.116864 1195.637993 147.713101 4.258038 0.333333 9.250423 
2551.874057 156.036981 2664.376728 155.910369 3.865352 0.333333 5.293835 
17.670287 1220.566473 15.826928 1195.518150 9.422578 0.333333 5.911888 
2370.622536 155.906831 2404.375271 155.869330 2.523607 0.333333 8.840742 
2249.379630 1156.261582 2190.626887 1156.115605 3.858682 0.333333 10.275055 
48.129963 115.861803 13.040586 116.597204 2.397735 0.333333 5.505084 
494.387617 125.372858 431.860530 124.847659 5.167809 0.333333 4.947473 
2239.968188 1627.912297 2255.432984 1580.158016 4.790653 0.333333 8.208814 
1765.624093 8.997982 1833.126709 8.835600 3.870267 0.333333 8.700523 
2326.938153 1157.020147 2299.314059 1155.441152 2.991187 0.166667 1.042753 
2373.142900 1302.747474 2284.348649 1301.770869 4.862224 0.333333 10.419061 
2251.874852 1304.940825 2354.375500 1304.967692 3.774246 0.333333 4.521362 
3410.603729 1052.442030 3493.135001 1051.533830 5.302298 0.333333 12.832652 
1326.868708 148.844506 1353.138562 149.074247 3.760692 0.166667 0.801571 
3695.617222 1045.416924 3650.586693 1047.100242 3.308288 0.333333 3.033770 
1265.254166 1541.959565 1264.440479 1514.336251 5.072121 0.333333 0.885731 
2399.320613 1162.763321 2426.870406 1164.450039 3.256865 0.166667 1.228494 
430.630799 1066.053507 401.873408 1065.850510 3.820494 0.333333 1.289182 
2403.700366 1645.621744 2403.621871 1661.883432 3.774091 0.333333 0.231625 
914.371639 2105.758486 991.874700 2105.525178 2.703183 0.333333 6.824894 
1896.880967 6.192328 1834.363892 5.645923 5.010734 0.333333 6.553390 
3379.376992 39.497471 3446.879465 38.399502 4.592752 0.333333 7.876703 
18.065891 128.998011 65.674204 128.019871 8.166008 0.333333 12.674275 
1266.875898 144.050757 1231.872705 143.953812 2.544987 0.333333 2.501341 
2181.143261 1373.967871 2208.887102 1324.103540 4.615611 0.333333 3.209716 
1163.129939 144.385028 1123.125654 144.541843 3.818570 0.333333 2.789790 
113.084389 128.437612 163.146146 129.160446 8.514481 0.333333 16.471811 
849.374925 2105.646920 901.874310 2105.826568 2.636853 0.333333 8.649666 
2889.375478 913.587952 2959.376212 913.630480 5.037210 0.333333 8.330980 
2403.419231 1571.867165 2403.142316 1605.645637 3.893333 0.333333 1.469906 
361.246280 1437.964338 360.254899 1449.557142 5.190286 0.333333 0.231625 
1220.616699 148.030361 1266.891253 148.362824 6.429448 0.333333 2.200393 
1261.662608 1228.124544 1261.563231 1274.377016 3.830563 0.333333 2.730937 
3288.036358 1618.126632 3316.910284 1617.614576 8.682132 0.333333 0.987985 
398.125978 128.573319 444.377435 128.629767 3.173815 0.333333 1.869401 
2291.706474 1460.975483 2275.498143 1510.988987 2.801748 0.333333 2.550193 
2468.125008 1302.611718 2376.874967 1302.610218 1.876047 0.333333 13.775012 
3448.099558 38.899014 3494.394776 38.216597 2.353609 0.333333 9.596613 
618.063126 2097.049458 628.245159 2096.463704 3.737620 0.166667 0.998497 
2206.859663 1160.786227 2249.408977 1161.248646 7.716901 0.333333 1.692591 
384.373715 1078.091553 473.123627 1078.002729 3.831317 0.333333 11.828682 
1264.896703 1285.670771 1264.143163 1253.101443 3.019429 0.333333 0.240406 
1565.621579 155.100783 1595.626288 155.042937 3.805418 0.333333 9.148841 
3325.627604 1452.093267 3368.151375 1451.586012 4.329915 0.333333 1.092482 
1261.346337 1175.615186 1262.043931 1226.889708 4.863499 0.333333 1.345001 
1850.632599 145.637490 1818.125158 145.703148 6.300482 0.333333 4.315672 
2826.904232 907.547073 2789.355885 908.118132 2.841721 0.333333 0.877458 
2391.864994 1304.778705 2468.127329 1305.240145 1.605403 0.333333 3.787832 
2219.375578 1305.060384 2250.624502 1305.034036 2.526348 0.333333 2.279044 
1268.811039 1216.874990 1268.813155 1366.875008 3.752010 0.333333 2.935676 
268.041650 402.921173 267.141103 386.721234 7.835338 0.333333 1.840116 
449.371615 128.902813 494.378263 128.580181 3.304112 0.333333 8.254517 
364.771964 1138.145434 364.604104 1110.600751 12.598795 0.333333 1.326859 
410.604962 1656.024075 440.630906 1656.388923 2.530099 0.166667 4.007463 
3409.378148 36.329535 3376.879230 36.141994 2.687482 0.333333 0.721617 
2489.374993 156.086370 2543.125004 156.085914 2.500296 0.166667 6.903430 
470.625501 1071.179941 503.125484 1071.203383 3.126802 0.166667 4.093910 
2355.606430 1306.312483 2390.650769 1305.155572 2.621689 0.333333 2.487796 
3346.882168 39.553161 3378.130771 39.762147 2.558433 0.333333 0.769304 
3268.111421 38.967004 3315.633760 39.275464 1.956055 0.333333 2.055526 
315.637482 604.074172 276.861312 604.584102 3.914044 0.333333 1.517143 
2746.081687 954.358129 2745.335980 989.422021 3.882042 0.333333 0.387172 
1833.155531 5.675438 1799.365462 6.468749 3.174108 0.333333 3.390490 
2311.877554 1163.414958 2344.377324 1163.501422 1.918219 0.333333 4.911068 
1709.392560 755.546414 1659.385059 756.296044 3.667917 0.333333 3.462694 
109.400010 117.794335 89.364511 117.940877 5.606548 0.333333 0.296403 
3460.623649 338.356208 3489.379970 338.524183 2.028289 0.333333 2.101046 
