364.328407 1426.883243 364.799454 1358.110784 5.282412 0.333333 37.066009 
363.984536 1578.123477 364.574517 1426.870902 5.380271 0.333333 66.194154 
489.375431 1575.383803 364.375080 1575.347690 3.786112 0.333333 117.956446 
666.878915 2024.929619 154.373192 2026.041582 5.520705 0.333333 338.273885 
458.142693 269.617784 411.841107 268.804459 5.372445 0.333333 10.013413 
543.146096 268.842193 488.112210 269.432365 4.285943 0.333333 39.443502 
746.876061 1575.150676 490.624167 1575.284924 5.133592 0.333333 192.897669 
789.375585 2025.249889 668.123930 2025.060725 3.937206 0.333333 78.674987 
748.117603 270.355362 1050.630858 271.358680 6.606499 0.333333 151.018055 
1051.871087 271.356142 1316.875321 270.769950 5.298609 0.333333 183.427719 
1251.870111 21.292485 1561.877909 20.465444 6.320007 0.333333 209.850149 
486.910061 269.170546 458.086413 268.475722 5.088919 0.333333 12.899509 
775.650754 264.671958 658.079289 266.629333 6.478018 0.333333 65.471632 
265.186854 519.385919 264.593782 495.588396 7.248533 0.166667 3.232099 
195.624135 2030.393238 310.628300 2030.490942 6.347698 0.333333 45.703882 
264.578505 494.375059 264.576893 431.874963 6.251483 0.333333 28.835352 
1850.389760 1041.888874 1849.514675 869.361611 7.417482 0.333333 98.463266 
2355.628728 4.989787 2133.123063 5.256065 6.039073 0.333333 119.553522 
453.071903 2029.734027 466.921702 2028.908651 3.411377 0.166667 1.358101 
123.124911 2030.404829 194.375062 2030.400535 6.252335 0.333333 18.870423 
1849.268263 868.137959 1849.633859 800.619633 6.500338 0.333333 30.797487 
919.379904 1575.451991 748.121307 1575.137762 5.240811 0.333333 101.236924 
813.228003 2025.575682 790.575210 2024.961543 6.112199 0.166667 2.838685 
411.880852 269.010184 255.628374 268.443958 6.707460 0.333333 61.225152 
1851.548132 1104.359662 1850.530370 1043.105803 6.622934 0.333333 28.352239 
1843.773270 804.376577 1844.015657 896.882492 8.766346 0.333333 47.892393 
13.692597 1708.126433 13.799055 1573.123560 7.503940 0.333333 67.471130 
751.871650 21.966641 1250.627640 21.272864 5.683330 0.333333 446.766635 
519.375817 18.340866 399.368076 18.794880 6.377638 0.333333 65.501151 
2406.875789 1200.580654 2193.124345 1200.450411 4.999999 0.333333 122.658424 
25.619108 2030.479660 121.877948 2030.073215 4.140537 0.333333 54.089188 
360.298585 1265.615017 359.728385 1355.650987 7.579011 0.333333 38.189024 
888.130436 2025.554702 828.122774 2025.427802 7.531704 0.333333 18.156826 
815.636971 266.427709 776.814418 265.388731 5.432941 0.333333 12.403969 
1613.116786 19.535677 1658.133788 19.377604 8.872844 0.333333 8.543086 
362.950284 1020.602974 362.447651 1053.114528 6.732026 0.333333 1.365372 
475.601849 1580.778548 493.173195 1580.407534 5.262204 0.333333 1.802013 
2063.604509 1443.389519 2087.466903 1400.132847 7.021731 0.333333 16.950335 
1844.035037 898.118199 1844.361626 1061.882505 8.605399 0.333333 98.944493 
2516.875244 5.438576 2356.870617 5.229495 5.032664 0.333333 53.200136 
378.118299 2030.402642 440.628665 2030.297185 7.605428 0.333333 4.428632 
1844.652386 1063.109423 1844.389462 1100.625101 7.753862 0.333333 14.815780 
1193.125715 267.945581 815.611789 266.441968 6.200164 0.333333 182.964276 
2025.345834 1509.928154 2043.151390 1478.677822 6.390106 0.333333 14.962297 
656.890082 268.025062 544.370960 268.732126 5.156997 0.333333 49.858798 
1996.875634 2038.522130 1644.374243 2038.657833 5.131852 0.333333 222.653931 
1530.460470 1378.276326 1553.347245 1360.548184 6.151996 0.333333 13.217721 
2405.733718 1795.625650 2406.361072 1690.621929 4.902825 0.333333 26.997633 
311.734776 2030.358140 328.195896 2029.523895 3.680323 0.166667 4.897254 
2167.749055 1248.642297 2153.548735 1272.635987 6.893399 0.333333 4.167022 
9.586961 574.355443 10.434590 691.894402 9.173436 0.333333 62.233101 
359.359218 1580.583404 414.390139 1580.817599 9.930755 0.333333 17.044625 
264.204453 413.156786 262.983927 310.611801 8.853518 0.333333 50.547620 
2123.095478 2051.320578 2178.126582 2050.788684 4.951442 0.333333 3.406591 
15.673951 439.385876 15.802049 409.365088 8.771255 0.333333 5.455504 
335.608634 2030.271768 353.108356 2030.201970 3.149868 0.166667 2.013213 
9.374865 23.838281 264.375564 23.886417 7.525012 0.333333 163.773492 
2104.390795 5.678694 2004.360045 6.890640 6.431264 0.333333 46.577085 
264.173654 430.639851 264.404491 414.340013 5.087751 0.166667 7.240526 
1615.037528 1314.823490 1671.080475 1273.746421 6.576199 0.333333 39.027111 
2008.662742 1550.340909 2149.505546 1654.197964 6.239188 0.333333 77.076882 
2154.188064 1272.307739 1995.754702 1550.870650 7.829769 0.333333 205.330567 
949.402216 2026.211930 889.343240 2025.357517 8.050452 0.333333 17.336814 
257.082780 306.856251 259.719934 511.902717 7.519427 0.333333 118.286869 
368.448468 1185.629704 368.091875 1020.625072 4.991884 0.333333 168.518158 
281.874941 23.076439 509.377655 22.798557 5.277874 0.333333 117.924720 
568.112953 272.214432 698.129820 271.489450 6.201113 0.333333 72.312036 
257.037203 271.845010 257.417826 305.632966 5.337613 0.333333 19.028121 
1476.891223 2036.138970 1426.805349 2035.034996 9.326328 0.333333 18.068758 
1498.182622 1039.358868 1498.799953 1089.397516 6.172423 0.333333 3.367376 
18.180597 1181.877055 17.922477 1031.873198 5.178521 0.333333 78.456090 
356.845051 272.359933 385.651201 272.857201 3.749441 0.333333 7.614138 
1409.363480 16.135202 1230.619471 17.170035 6.307789 0.333333 107.568470 
360.035220 1356.866897 359.044203 1581.879048 7.780698 0.333333 146.036447 
398.125809 18.422469 5.623303 18.627556 6.304210 0.333333 318.226394 
331.876604 518.781320 266.873701 518.605656 5.077676 0.333333 26.842650 
368.045030 1020.626046 368.087482 973.121615 6.244412 0.333333 8.566592 
1969.377824 7.268218 1769.361209 8.704467 6.815300 0.333333 72.026350 
386.873254 272.704238 566.876977 272.516095 5.125424 0.333333 89.821812 
1643.148799 2038.733248 1529.353907 2037.301681 5.872128 0.333333 81.945690 
508.126480 22.636045 750.625563 22.164444 6.495513 0.333333 103.755719 
1571.872321 20.477025 1611.877339 20.436553 6.262643 0.333333 13.738778 
2003.149067 6.976466 1969.390392 7.288777 5.173240 0.333333 1.173867 
456.869010 526.494392 516.886568 526.273909 6.295878 0.333333 16.079024 
1586.883411 13.751225 1546.867384 13.571600 6.266770 0.166667 13.064323 
7.056244 1594.374294 7.005281 1851.875521 7.507669 0.333333 191.162944 
362.303707 981.850149 362.481091 1020.599337 8.887226 0.333333 1.025993 
1671.519843 1273.120578 1697.126153 1254.724593 6.692147 0.333333 3.734527 
6.908699 1936.873374 6.969651 2031.876543 5.055335 0.333333 44.684128 
18.013607 1208.134336 17.924184 1183.121249 6.308054 0.166667 1.994619 
278.116422 272.962283 355.628744 272.491608 5.242794 0.333333 27.837163 
368.427142 1266.878689 368.213067 1211.869793 5.175085 0.333333 40.516643 
7.329441 156.873366 7.403722 234.375691 5.026355 0.333333 36.562060 
8.558008 473.122849 8.585515 510.625579 7.524753 0.333333 10.954249 
263.125029 526.608093 455.625163 526.629026 5.019302 0.333333 100.136292 
362.226501 1051.885680 362.008090 1186.885327 10.212331 0.333333 46.663827 
2133.164259 5.212899 2105.603492 5.731131 5.304615 0.333333 6.104120 
1334.392466 2032.113106 1200.611834 2031.080072 5.308716 0.333333 81.213197 
1659.403757 12.247579 1588.109690 13.511144 6.669881 0.333333 22.349085 
1514.414974 14.143823 1406.872052 15.365502 8.351456 0.333333 58.686681 
17.664167 900.632442 16.228661 570.616937 7.516241 0.333333 248.797359 
368.258696 1210.625841 368.415999 1185.618968 3.899320 0.333333 8.069902 
664.372583 525.835507 734.376464 525.761606 5.060699 0.333333 14.643735 
7.910308 379.341696 7.397025 401.915293 5.055539 0.333333 7.167325 
13.135783 1799.385992 13.529889 1709.365828 7.800911 0.333333 51.557237 
2163.147949 2039.570358 2123.118346 2040.205945 6.665955 0.333333 0.949916 
11.160118 741.857262 10.821097 779.410624 8.636802 0.333333 6.415090 
17.861675 1030.629725 17.459644 901.869272 6.460725 0.333333 62.327267 
746.865736 526.104414 781.875704 525.683535 2.665015 0.166667 1.926304 
1229.376152 17.265602 961.871605 16.906884 6.516514 0.333333 184.769730 
2402.671781 1731.866638 2402.463040 1774.384024 5.073582 0.333333 5.915600 
11.052595 780.624297 11.007214 914.376402 8.791987 0.333333 76.891408 
7.433415 1853.110328 6.809736 1935.643399 7.575351 0.333333 38.324652 
18.136510 1226.855269 18.415558 1209.339800 3.968555 0.166667 6.345411 
904.380167 16.686113 756.868603 16.156446 6.716745 0.333333 90.779418 
11.809712 2023.132169 12.959486 1833.116435 6.915477 0.333333 118.547891 
14.806487 1509.375755 14.778822 1479.373475 8.775355 0.333333 0.001977 
1545.635137 13.425772 1515.603737 13.622073 6.249866 0.166667 1.434774 
7.248875 316.862141 7.734098 378.137994 6.299294 0.333333 16.270413 
10.883725 914.379731 11.066646 1049.379483 10.143957 0.333333 66.065175 
1253.869913 1339.365781 1253.093205 1381.920050 5.660698 0.333333 3.995367 
1874.371164 2044.060786 1924.376684 2044.116616 5.053029 0.166667 0.589351 
2125.098919 1336.656069 2130.271048 1324.227701 4.468764 0.166667 0.624279 
2043.795650 1478.484585 2062.558153 1443.491289 6.769238 0.333333 13.331241 
262.597709 310.640708 262.916353 270.623339 8.779582 0.333333 11.180510 
980.630840 1576.432338 941.838118 1575.920544 6.694683 0.333333 2.452934 
7.585219 23.123384 7.248456 135.629859 5.067326 0.333333 47.533656 
1315.624773 267.449394 1194.374792 267.401520 4.996545 0.333333 48.320692 
2041.877185 2038.565110 2009.370677 2038.477414 5.057310 0.333333 0.895241 
2194.381158 1202.341604 2184.213216 1218.485831 5.913886 0.333333 0.287094 
1356.925094 2032.840967 1336.824072 2032.184570 4.115174 0.166667 0.856692 
7.444023 136.847115 7.732268 155.650183 5.114372 0.166667 4.479304 
14.684885 334.413724 14.230378 279.365873 10.360872 0.333333 17.832349 
14.007294 1563.137073 14.658096 1515.577559 7.533505 0.333333 24.843066 
364.820747 1358.162889 366.275471 1293.055746 7.777353 0.333333 41.391606 
2005.516109 1545.564482 2025.097408 1510.331780 7.043059 0.333333 9.473801 
8.023626 400.638666 8.276418 471.878898 7.548744 0.333333 27.829951 
16.511355 1369.398893 16.218918 1334.349186 8.822699 0.333333 2.234909 
431.889146 520.539243 388.112082 520.377796 8.879017 0.333333 15.611753 
15.171576 381.936110 14.497214 335.550532 11.466861 0.333333 4.575621 
10.442737 693.078548 11.062139 740.651858 8.602796 0.333333 13.750539 
1502.908568 1085.634834 1502.640221 1045.619868 5.117243 0.333333 1.622038 
734.375476 16.211610 676.874725 16.202963 6.258082 0.333333 24.015401 
2448.111870 1201.149795 2405.575947 1200.085552 4.935906 0.333333 4.851046 
1554.163938 1360.745872 1615.332434 1314.388329 7.728587 0.333333 27.834800 
154.372537 2026.203019 13.122769 2026.384047 5.123351 0.333333 91.533364 
1004.442497 2027.665817 979.284278 2026.672299 8.792510 0.333333 4.603027 
2131.125052 1323.949235 2155.697890 1280.666382 7.875549 0.333333 16.635119 
506.814793 1579.513662 521.894837 1580.167477 3.907741 0.166667 0.001146 
1849.388795 802.006357 1829.365826 802.206313 3.299565 0.166667 4.259708 
2088.052875 1400.042591 2124.052862 1336.525479 7.725729 0.333333 31.455083 
1908.128905 51.954925 1839.377171 52.058993 3.844600 0.333333 25.585512 
515.624285 526.426543 594.376452 526.496786 5.060205 0.333333 25.559423 
12.870251 1833.116079 12.741121 1800.616592 6.264850 0.333333 18.757148 
1253.606807 1254.365705 1253.969172 1321.877178 5.335390 0.333333 12.673019 
1721.931889 18.597868 1769.417579 19.422188 8.149747 0.333333 16.412894 
2161.007134 1271.925272 2182.787908 1233.475944 8.625568 0.333333 12.323575 
2045.355839 1573.483579 2007.367796 1544.968493 2.999088 0.333333 3.346734 
16.212162 545.641118 15.676920 440.611995 8.991949 0.333333 52.967767 
960.626776 16.804627 905.621831 16.730637 7.523533 0.333333 18.484834 
1502.195815 1123.131125 1502.888531 1086.846621 4.302282 0.166667 5.499622 
675.640896 16.475169 520.611933 17.648543 8.086346 0.333333 99.036781 
699.341558 271.452907 746.922526 270.501296 8.023391 0.333333 25.010530 
8.785408 511.818898 9.874312 573.160515 8.430624 0.333333 35.254209 
1404.478232 2033.195288 1386.805922 2033.905072 3.772098 0.166667 0.329542 
1530.645414 2037.315691 1476.929593 2035.960736 7.560656 0.333333 30.677769 
1541.872252 769.072778 1594.379984 769.138429 7.559384 0.333333 5.679122 
1810.665519 755.544557 1778.114661 755.033431 2.813239 0.333333 0.609947 
1424.386871 2033.187182 1404.413849 2032.987580 4.536950 0.333333 0.121046 
1385.638398 2033.595097 1368.121838 2033.674114 8.164382 0.166667 3.859351 
1566.432900 1345.003468 1550.089095 1356.628921 4.556455 0.333333 1.472703 
1498.246100 1090.621683 1497.720880 1269.373813 5.264420 0.333333 65.564974 
7.323515 234.369622 7.471716 315.628471 5.111699 0.333333 56.302738 
265.494969 24.222030 281.828265 23.421481 5.482052 0.333333 2.307771 
1293.222836 311.874760 1293.225844 344.375106 4.377082 0.166667 1.321436 
2085.482123 1600.353685 2065.270320 1585.644727 7.995571 0.166667 6.357618 
2137.116620 1639.510171 2109.625909 1619.497411 6.152474 0.333333 7.356514 
7.793415 1415.624015 7.266150 1593.133588 8.019776 0.333333 115.313722 
2034.872818 1558.703104 2009.764180 1540.099730 4.688603 0.333333 0.062079 
2149.483766 1654.627527 2181.152116 1678.681009 5.493819 0.333333 8.727429 
1996.865855 11.294792 2074.382657 10.907470 5.081131 0.333333 20.634497 
2134.362161 10.428348 2166.887801 10.824806 3.932451 0.166667 7.605750 
680.645802 520.885118 640.627426 521.092709 6.340677 0.333333 0.940652 
13.957300 276.861516 13.628521 195.607789 10.242696 0.333333 29.962732 
755.709997 15.940565 735.502002 16.550606 5.869405 0.333333 6.296992 
2743.180833 963.093328 2742.791311 993.153072 6.541012 0.333333 4.083386 
8.626286 1315.590067 8.007341 1373.150617 8.010302 0.333333 25.777481 
16.585344 570.673408 15.835654 546.829076 7.299886 0.333333 3.168928 
1292.971632 363.074217 1293.514156 388.143629 2.606716 0.333333 0.695229 
1503.427964 1398.071662 1530.342021 1378.515271 6.431176 0.333333 3.279528 
1991.868143 2051.867479 2094.378727 2051.308485 5.429346 0.333333 16.515863 
386.842338 519.275266 358.080035 518.458550 4.458087 0.333333 6.403379 
1320.624988 2050.913520 1445.625039 2050.918588 3.754156 0.333333 19.379210 
1768.128418 52.172760 1620.616859 51.643341 5.112123 0.333333 40.849142 
1665.619434 2051.297623 1840.628824 2051.804281 5.463182 0.333333 51.358016 
10.170876 1180.612873 10.091489 1208.134278 10.054044 0.333333 0.639255 
1694.318728 19.140146 1720.669384 18.768037 8.925628 0.333333 5.768750 
714.334489 2030.894751 744.382909 2031.334242 9.724721 0.333333 1.008680 
2007.927340 1542.139369 2041.362920 1567.138035 2.088368 0.166667 2.225214 
1056.877921 1576.876154 1024.369342 1576.952063 7.532086 0.333333 2.856841 
2163.252070 1658.449301 2137.105563 1639.799312 5.255635 0.333333 2.443595 
2293.123432 9.618824 2366.877287 9.696226 6.294599 0.333333 13.388982 
1145.646498 1591.662511 1224.401458 1592.286698 6.299338 0.333333 16.731006 
1298.811384 555.631956 1298.240286 509.358150 5.879301 0.333333 5.455504 
439.352798 1580.389843 461.875141 1580.610631 6.911339 0.333333 2.032721 
2191.796466 9.831668 2214.421119 10.872760 5.052174 0.333333 1.712877 
2421.865847 2045.758775 2489.374507 2045.497627 5.227228 0.333333 3.589888 
1510.418084 1294.369411 1510.833397 1371.880581 4.158496 0.333333 21.528935 
12.867816 194.451715 13.776395 153.084398 9.915245 0.333333 6.584723 
418.123268 974.425060 448.173789 975.464491 2.261657 0.166667 2.221162 
7.795406 1374.366691 7.584891 1414.385310 8.848510 0.333333 12.867247 
1230.670067 1579.822985 1153.099214 1578.764261 9.470240 0.333333 20.216166 
1501.878994 2051.150538 1541.884668 2051.371064 2.534376 0.333333 4.947511 
16.424760 1408.209360 15.529874 1376.913463 8.782153 0.333333 5.726625 
979.384249 2026.716686 948.118362 2026.797199 7.519288 0.333333 9.256271 
596.873781 526.267872 658.124262 526.243836 5.022565 0.333333 16.772600 
2403.496003 1644.364163 2402.509318 1724.398230 4.674269 0.333333 18.390078 
1503.212090 1008.169345 1501.207600 955.602784 5.414358 0.333333 0.365927 
2093.133926 2038.698730 2071.838139 2038.417641 3.766171 0.333333 6.101318 
1593.113473 2043.822219 1629.393960 2043.590238 7.715643 0.333333 0.617720 
1610.627851 51.870930 1558.122405 51.991091 3.850113 0.333333 19.781473 
1258.489113 1009.370553 1258.592448 1046.880599 3.842963 0.333333 0.644022 
1309.340042 454.354044 1308.666838 495.633836 2.764476 0.166667 4.310674 
1839.375413 52.314290 1769.374299 52.380123 5.057601 0.333333 18.410129 
1293.813736 443.130471 1293.616418 558.127988 6.402272 0.333333 24.023445 
11.094910 1064.331498 10.529820 1106.940049 11.646847 0.333333 9.229307 
1656.867320 2043.762650 1720.631522 2044.022085 6.478809 0.333333 4.833387 
9.620313 1291.462724 6.907268 1314.525840 6.222369 0.333333 5.700989 
15.875209 1470.653358 15.969949 1453.113360 7.486351 0.333333 1.407323 
1501.286569 1273.130802 1501.834913 1210.602725 5.515000 0.333333 9.239403 
1701.935442 11.120420 1669.322607 11.778486 6.727860 0.333333 5.238590 
1559.370997 52.175831 1458.122798 52.602880 4.166475 0.333333 32.366944 
1308.952188 384.374046 1308.989670 416.875444 3.146620 0.333333 0.112374 
1500.511497 1370.624955 1500.529534 1325.624461 4.381012 0.333333 4.415902 
1249.758300 1521.873929 1249.849120 1554.387642 3.212265 0.333333 3.912042 
1262.675288 1584.376720 1262.653414 1546.875275 6.270413 0.333333 5.476599 
2561.936370 1263.709312 2551.344057 1219.502217 5.545971 0.333333 1.251645 
2196.999111 2039.375716 2173.121811 2040.560751 5.364086 0.333333 1.503191 
1309.967882 323.117671 1309.340295 379.388554 4.167977 0.333333 7.114700 
1851.858998 2051.903023 1889.385301 2051.411604 3.582869 0.333333 6.561816 
2180.758125 1677.011265 2204.783566 1696.367888 4.099269 0.333333 0.159806 
2096.873623 55.735708 2046.850263 55.113377 4.371702 0.333333 3.795897 
1309.126460 418.124914 1309.116051 448.125778 2.508241 0.333333 1.021550 
1312.357806 479.375870 1312.447947 429.373779 5.040554 0.333333 5.632495 
366.229780 1292.037202 367.292200 1271.700886 8.542441 0.333333 1.246827 
1298.382200 373.129620 1298.245708 306.874751 6.268013 0.333333 19.149513 
1901.875614 2052.065528 1976.878864 2051.823796 5.165149 0.333333 14.705825 
1084.514149 1578.140588 1056.773205 1577.106928 4.928329 0.333333 0.760644 
1263.386395 1545.706178 1261.885948 1504.329274 5.812095 0.333333 6.799210 
1545.530194 2042.784527 1580.681952 2044.327737 6.660640 0.333333 2.316864 
763.125150 968.640848 699.375044 968.646261 3.755095 0.333333 13.089585 
8.567162 1245.616646 8.694970 1290.630480 8.767710 0.333333 13.529547 
1133.312150 1578.206468 1113.031569 1574.958370 4.034743 0.166667 0.941173 
1099.633697 2029.293379 1080.326021 2027.358612 8.210434 0.333333 1.344727 
1498.258974 990.618528 1497.983392 1038.138677 4.483650 0.166667 0.150594 
881.870990 1592.353060 909.376643 1592.416882 3.130787 0.333333 0.237199 
1497.911344 1269.391717 1497.084188 1320.668702 5.563866 0.333333 0.608824 
10.720075 1108.119544 10.651977 1138.136404 10.042512 0.333333 5.218900 
1134.517272 2027.840401 1110.525110 2028.564288 9.009334 0.333333 3.230846 
1626.911792 757.259390 1594.343879 757.992540 4.424221 0.333333 1.072912 
1686.914471 757.361979 1659.358021 757.028640 3.810021 0.333333 2.937890 
2604.386984 6.128647 2565.606841 5.505971 4.170947 0.333333 1.171925 
1313.941804 306.949704 1315.206853 271.950248 2.466644 0.333333 3.735205 
1312.486329 355.637884 1313.330652 315.576645 3.775229 0.333333 9.873097 
1513.935799 1299.338564 1514.276654 1271.842789 2.809604 0.333333 0.121046 
1514.063187 1221.874489 1514.169805 1156.872613 3.856609 0.333333 5.000115 
2501.877696 61.418978 2456.879268 61.152973 2.669907 0.333333 6.707935 
2436.887250 61.450602 2403.126136 61.951537 2.301260 0.333333 0.237199 
2406.323408 1689.380048 2406.802345 1623.115440 4.002863 0.333333 15.349346 
1514.403094 1155.625481 1514.430354 1083.124551 3.773970 0.333333 4.386820 
1250.568000 1476.873424 1250.597723 1499.376687 3.768158 0.333333 0.179803 
909.357359 969.107009 884.342976 968.657642 2.881076 0.333333 0.017090 
1498.139101 875.627949 1497.940794 960.627487 3.933715 0.333333 12.981001 
2220.624996 64.496307 2410.625000 64.496845 3.750482 0.333333 40.982664 
1635.632884 802.558194 1581.875898 801.810465 3.749637 0.333333 0.610938 
2385.625100 61.853979 2318.120678 61.532495 2.803573 0.333333 12.516459 
2411.869647 64.264297 2476.878476 64.008575 3.848311 0.333333 1.931234 
2514.374585 64.255050 2590.627995 63.991422 3.780228 0.333333 6.301433 
2314.381553 61.568130 2236.867925 62.106729 3.038431 0.333333 4.991439 
2216.876159 62.019675 2135.624137 62.087211 1.940456 0.333333 8.290563 
2135.628412 64.339356 2219.377822 64.561603 2.699019 0.333333 8.993490 
