2750.681330 2421.041549 2680.610424 2430.517210 5.589715 0.333333 27.862415 
2593.478380 2442.255080 2557.939799 2446.615591 5.267244 0.333333 6.620627 
3434.054243 1619.056083 3640.510456 1413.007755 7.167203 0.333333 160.413863 
2507.838350 2458.486421 2565.804842 2450.716725 6.386843 0.333333 11.627320 
2662.789827 2436.968276 2750.845072 2424.705234 5.828646 0.333333 25.655147 
693.063394 2823.059298 541.574058 2974.077022 6.447616 0.333333 105.464806 
602.742304 3384.777763 536.699737 3319.537054 6.430003 0.333333 57.142068 
1303.751835 3592.543680 1270.375665 3558.337974 6.674897 0.333333 13.623831 
521.517508 2634.024920 556.439322 2598.941331 6.221891 0.333333 5.107468 
916.407793 1883.912940 1023.749953 1776.248080 8.960872 0.333333 89.609272 
1778.528046 2079.821738 1800.101092 2058.804206 7.070466 0.166667 0.245489 
2719.109342 174.128700 2748.161113 145.637241 7.242856 0.333333 1.083295 
889.699596 2260.948399 633.282380 2517.034202 5.478200 0.333333 290.670028 
3965.889919 1092.846551 4022.405616 1148.861973 6.921681 0.333333 38.453150 
1800.646732 2058.154923 1846.124830 2012.371496 6.361622 0.333333 15.130133 
2303.485042 593.486608 2324.716307 572.217907 6.197303 0.333333 1.651783 
4040.395498 1642.895089 3592.208443 2090.958189 6.252096 0.333333 453.547021 
4104.288105 1230.710919 4144.067934 1270.942658 6.291921 0.333333 24.822636 
222.962278 3008.292264 196.686730 2982.061459 7.978297 0.333333 6.475117 
632.453266 2517.451949 356.301948 2793.802361 6.188776 0.333333 200.513043 
735.602587 2061.848526 395.055735 2401.311897 6.323783 0.333333 245.240295 
3713.595954 1333.595182 3392.186406 1654.686714 6.344243 0.333333 183.251611 
377.925961 3169.528736 410.776577 3201.745050 6.161042 0.333333 14.155087 
355.717449 2794.282016 542.506388 2979.997189 6.021549 0.333333 147.012860 
3775.369548 1914.126735 3883.268730 1807.001703 7.179218 0.333333 96.650762 
1306.047274 4100.172539 1347.685480 4141.072454 7.181467 0.333333 19.744201 
1842.855842 3800.350049 1792.128728 3850.884462 7.151793 0.333333 40.679879 
3040.757396 583.002952 2897.592195 441.151165 6.044561 0.333333 111.465938 
3726.732303 844.518524 3219.081046 337.168386 6.382538 0.333333 442.102847 
1132.673760 3418.583695 1016.164698 3302.582937 6.463489 0.333333 113.007944 
2853.270679 34.516638 2560.857933 325.863359 6.162963 0.333333 205.532193 
3351.984924 894.271032 3264.257572 806.999571 6.212492 0.333333 69.953540 
2634.895579 676.125267 2606.290882 705.061923 7.091346 0.333333 6.892306 
94.089677 2885.910193 124.091784 2915.908254 5.305208 0.333333 13.494924 
2883.538871 426.036313 2635.554651 675.562812 7.240915 0.333333 190.505651 
1722.220560 3922.217624 1429.987857 4214.989030 6.401244 0.333333 235.100792 
1310.380056 1480.379585 1156.605406 1634.105715 6.186487 0.333333 126.852168 
1504.219969 3502.967101 1401.851255 3605.604591 6.311173 0.333333 93.691450 
3428.531951 2249.753500 3409.913523 2268.697203 6.209914 0.166667 2.241058 
1453.481176 1344.733278 1487.333839 1311.079171 5.370871 0.333333 13.147314 
3977.676820 1096.082812 3911.574259 1029.668460 7.108482 0.333333 43.660685 
375.455278 3159.575265 326.408143 3111.082897 7.949796 0.333333 26.046571 
927.364508 2221.037891 890.048167 2260.073574 6.165717 0.333333 23.925326 
889.197971 3669.560391 612.761007 3394.733802 6.644177 0.333333 224.147740 
1491.905413 4158.156578 1507.181856 4143.443608 3.800580 0.333333 0.394586 
179.673476 2971.573640 377.359414 3168.892012 6.207744 0.333333 164.412098 
530.358215 2960.909502 431.016252 2862.714576 8.042067 0.333333 69.824831 
1133.985943 3927.248435 1234.766657 4028.998991 6.723920 0.333333 90.037878 
3393.917593 1653.588294 3535.584840 1795.665044 7.344046 0.333333 104.168868 
3398.847012 1653.857444 3433.480332 1619.717405 6.459626 0.333333 3.808441 
536.195950 3318.810758 376.025998 3160.207691 8.046091 0.333333 139.251998 
4.850070 2796.412699 35.358578 2827.148702 5.283565 0.333333 5.682978 
3005.319184 553.420978 3033.631835 582.674680 6.200805 0.333333 15.430441 
3139.854922 2532.324314 3062.074156 2607.131755 6.823151 0.333333 52.316832 
3514.492605 1766.777175 3494.621272 1746.614211 6.386613 0.083333 1.176818 
1687.199095 1213.447632 1408.853122 1491.354273 5.465258 0.333333 229.771545 
2786.613324 531.622307 2870.124136 447.612256 8.273642 0.333333 45.911185 
3473.116312 2214.366081 3527.593080 2161.295854 6.816170 0.333333 45.703684 
787.703660 2015.231771 828.632399 1973.602840 7.482407 0.333333 24.688661 
2395.668486 490.631031 2320.500619 568.040417 8.162725 0.333333 54.322840 
3133.680644 252.567883 3088.621162 207.627523 5.359451 0.333333 27.538766 
920.872409 1870.840698 870.150218 1922.660273 6.442213 0.333333 41.711169 
903.638264 3693.787535 924.569644 3715.530996 8.433631 0.333333 2.367613 
1332.356996 3630.139361 1353.562284 3651.445720 7.113077 0.333333 2.544858 
2049.794686 844.776680 1862.059979 1034.557985 6.007216 0.333333 143.211778 
685.408003 2470.480108 695.153446 2461.370531 4.744608 0.166667 3.097242 
3602.313089 727.674880 3677.476250 802.531525 8.166227 0.333333 49.901584 
1427.478119 4222.474009 1491.425403 4158.930489 5.488025 0.333333 31.176939 
1683.444444 3323.442515 1627.365314 3379.862353 4.588039 0.333333 40.971764 
2585.408711 2447.823969 2662.085086 2437.131545 5.785747 0.333333 31.252697 
1625.390672 1280.391749 1764.091181 1141.590480 5.334110 0.333333 124.286806 
3838.764002 956.238559 3772.373110 890.124802 5.403116 0.333333 46.954063 
1156.921101 1634.420925 921.746473 1870.496964 6.723123 0.333333 215.107852 
2995.811650 2672.017109 2985.558485 2681.858059 4.437781 0.166667 2.339576 
3586.888787 2096.852336 3473.990995 2206.516530 6.456183 0.333333 88.872149 
562.237088 3351.496261 597.428896 3386.328294 6.309716 0.333333 8.816322 
1855.768913 1040.753302 1828.417647 1068.414369 6.241839 0.333333 5.837213 
2605.526645 705.505542 2592.495498 718.779940 3.793169 0.010417 1.639953 
2774.830814 2886.080696 2697.949980 2962.950139 5.307492 0.333333 63.657208 
3252.955437 802.039935 3360.687379 909.312354 6.162612 0.333333 91.293518 
1391.389033 3622.639041 1425.139210 3588.889206 6.187305 0.333333 3.856808 
2985.032789 2682.519879 2941.413815 2725.208261 5.226755 0.333333 28.385739 
3149.666247 2182.185245 3191.182767 2141.174235 9.033573 0.333333 25.655147 
4184.527221 1311.692139 4241.405808 1367.354445 6.688576 0.333333 21.528546 
422.777627 3213.462642 489.185164 3279.571345 6.197135 0.333333 49.916476 
654.803690 2501.066522 684.927029 2471.171694 6.096278 0.333333 14.524596 
3769.916737 887.584375 3753.682168 871.316410 6.193538 0.166667 15.333173 
1400.059469 1505.052867 1624.839808 1281.086952 5.466915 0.333333 162.615686 
829.203733 1972.969877 891.366007 1910.093391 8.383952 0.333333 34.113847 
1395.023896 4188.725989 1415.025892 4208.724436 4.206442 0.166667 0.243412 
1792.580436 3857.584943 1806.278233 3843.772826 3.698150 0.166667 0.843295 
1633.867284 2217.603672 1609.790587 2241.051729 5.536651 0.166667 10.856566 
1365.398748 1432.899379 1442.923372 1355.422478 6.210316 0.333333 61.408172 
1794.193359 3849.209476 1722.731031 3921.485466 7.181028 0.333333 43.450785 
2559.883306 326.132355 2396.284463 490.037907 7.109142 0.333333 117.481966 
3411.040386 2276.020258 3431.275795 2256.261345 6.365754 0.333333 1.540954 
394.453450 2401.951002 275.186892 2521.437700 4.558776 0.333333 174.283433 
2610.067875 283.834711 2656.112059 237.357521 8.083098 0.333333 18.713843 
3397.971682 2280.452315 3379.961100 2296.443027 6.429640 0.333333 1.323088 
4150.046495 1535.022386 4041.197399 1642.454946 7.568759 0.333333 109.365722 
35.980186 2827.771133 93.375325 2885.380248 6.050677 0.333333 33.274311 
3527.275804 2162.276152 3774.883812 1914.883167 7.059549 0.333333 181.536335 
252.084837 2544.581145 184.461038 2611.965780 5.434818 0.333333 54.674902 
274.404957 2521.889910 252.649042 2543.904637 6.275922 0.333333 4.642005 
1050.031362 2096.205792 1016.903079 2130.701518 7.033883 0.333333 18.418347 
3182.500410 723.755789 3041.175140 583.819400 6.651980 0.333333 111.642725 
615.309165 3395.674391 599.301625 3383.219303 4.859059 0.083333 0.595004 
680.662838 2123.178701 712.963744 2090.449497 6.204514 0.333333 8.736559 
1400.582058 1390.581479 1309.353649 1481.853659 6.217075 0.333333 76.741036 
1583.376998 3423.368382 1553.456376 3453.461646 6.210043 0.333333 6.790238 
3421.256625 1915.011163 3475.202835 1861.449802 6.272574 0.333333 33.241678 
911.458487 3692.309460 888.420492 3669.071286 7.178058 0.333333 9.181088 
572.752837 2582.810928 591.199605 2563.679028 6.588962 0.166667 11.405063 
593.350254 2209.617682 605.051300 2198.756914 3.781586 0.166667 3.923505 
981.808090 3268.206990 961.921255 3248.063402 7.104937 0.333333 1.224275 
977.442043 2177.444351 1063.871925 2091.364790 7.989039 0.333333 69.774685 
1329.273655 3618.270060 1311.459193 3601.013822 6.481809 0.333333 2.474764 
1663.933287 3986.452440 1677.857188 3972.850842 3.883389 0.166667 1.738231 
2666.911974 2993.104699 2611.863086 3045.671545 7.762122 0.333333 32.151831 
713.854920 2090.114564 741.106778 2062.347845 7.103842 0.333333 3.611096 
1261.188268 4055.059101 1297.466347 4091.284609 6.208332 0.333333 30.966153 
2771.420863 121.420874 2847.670618 45.170613 6.187498 0.333333 19.552241 
3047.656448 2271.401781 3003.684535 2314.940107 5.487167 0.333333 32.814427 
3373.799627 1956.284702 3313.633750 2014.929371 5.212338 0.333333 59.958258 
3534.305891 1795.555118 3373.632901 1956.133932 6.236157 0.333333 152.486714 
3630.526028 1249.471624 3713.868701 1334.839632 6.815917 0.333333 63.200476 
411.243604 3202.477154 422.152417 3212.893560 6.001902 0.166667 3.892717 
716.898787 2439.398910 731.940676 2424.434541 6.225983 0.166667 6.077651 
1605.610783 4045.611998 1617.582016 4032.521568 5.589530 0.166667 7.609127 
2745.379052 2397.625535 2726.953694 2360.585854 5.010588 0.333333 4.638353 
2870.663068 447.230051 2884.264896 431.618131 7.054389 0.166667 4.050397 
3141.654531 2180.347151 3067.721021 2251.504034 6.519992 0.333333 59.832457 
3123.502902 671.494356 3252.676818 801.075703 6.425165 0.333333 94.516936 
3375.164308 917.331591 3352.759783 894.725839 5.398084 0.333333 10.747290 
3882.671697 1008.567685 3942.495199 1068.766460 8.145603 0.333333 45.659937 
732.746501 2424.002315 887.468824 2268.725629 5.410775 0.333333 163.681621 
1283.999801 1513.997822 1346.667091 1451.659400 6.417370 0.333333 49.401886 
1540.794637 4109.544877 1570.816689 4079.565193 6.210276 0.333333 4.408340 
487.718266 2667.742273 501.694070 2654.153332 5.302779 0.166667 0.791504 
2548.293665 3109.535862 2520.686134 3136.945596 6.203033 0.333333 10.549878 
4144.700557 1271.537203 4184.234603 1310.766487 6.108478 0.333333 19.497566 
414.149753 2845.851198 390.409043 2822.088437 7.959464 0.333333 0.767907 
2492.567883 828.884880 2510.424009 811.623973 5.798333 0.333333 0.571503 
3294.595760 2379.564259 3266.649360 2406.680712 7.123549 0.333333 10.769827 
3328.854973 2347.550143 3311.768328 2363.007081 6.068624 0.333333 0.189456 
886.081594 2269.828165 976.986374 2178.235538 7.031041 0.333333 63.100235 
973.625293 2173.591269 935.235021 2212.742602 6.716048 0.333333 28.334567 
1086.213978 1713.731053 1112.362408 1687.346885 8.077828 0.333333 14.612603 
1553.015193 3454.264611 1504.758323 3502.266982 6.306344 0.333333 24.589315 
2519.843158 3137.317529 2503.370625 3154.744036 5.662590 0.333333 0.189456 
3033.408653 582.839401 3122.465267 671.289259 7.064984 0.333333 73.317950 
82.091716 2717.086624 38.838604 2761.380581 6.134208 0.333333 21.706660 
328.348605 3112.908932 223.586318 3008.910295 7.426677 0.333333 74.524990 
1024.375100 1775.626204 1086.277684 1713.778260 7.988123 0.333333 35.653362 
1609.875596 2247.387794 1649.116782 2209.080032 5.749719 0.333333 24.082454 
2260.399883 1057.876093 2207.545779 1111.288764 5.349686 0.333333 27.003167 
3326.023747 2009.783436 3407.522108 1928.761219 6.329582 0.333333 82.361843 
961.198099 3247.583047 943.909229 3231.054687 5.659665 0.166667 9.221096 
2611.614783 3046.592277 2548.003087 3109.269899 6.311224 0.333333 43.005221 
3267.625228 809.871434 3182.706456 724.790361 6.191401 0.333333 59.997824 
3724.556533 1337.944514 3611.136627 1223.866325 6.517085 0.333333 60.251670 
770.436761 3559.566878 794.424030 3583.099189 8.618417 0.333333 5.275824 
1884.332550 1020.636742 1906.366830 997.638138 7.296522 0.333333 7.718958 
2560.625928 751.860213 2540.478096 771.757702 7.004624 0.333333 2.498809 
467.866922 2687.873440 484.087055 2671.582897 6.181427 0.166667 1.361186 
547.719444 2975.219465 652.716643 2870.216665 6.190980 0.333333 99.112705 
634.010038 2521.563328 652.081263 2504.518417 7.326266 0.166667 5.706785 
669.742280 3459.003816 698.025151 3486.989198 7.145737 0.333333 14.249038 
3018.171257 2649.391865 3000.432246 2666.708061 4.536357 0.333333 6.070058 
3301.555311 2026.541802 3269.619560 2057.182718 6.752708 0.333333 14.612603 
3441.972479 566.772583 3493.745244 618.768125 8.104841 0.333333 18.998837 
181.533383 2615.266596 169.127944 2627.905611 4.509900 0.083333 12.369740 
1816.248372 1088.751171 1862.397393 1042.395060 6.264340 0.333333 36.556986 
3248.229987 2078.233318 3195.567651 2129.276172 5.896604 0.333333 36.573283 
3475.112613 1861.367328 3542.523749 1793.775358 6.264135 0.333333 54.831252 
4153.971991 1273.540479 4041.797328 1160.694777 7.155383 0.333333 103.960748 
541.376958 2261.401933 560.448900 2242.943051 6.200795 0.333333 0.540469 
556.515633 2598.962843 571.630818 2582.895291 3.464165 0.166667 1.248653 
603.380428 2199.622513 679.931408 2123.675889 6.540923 0.333333 36.463208 
2343.497970 3321.048972 2358.108286 3305.536567 4.920138 0.166667 0.404118 
3249.658947 2423.394409 3224.454842 2448.224854 6.338828 0.333333 5.046494 
3892.229443 1010.293616 3861.180315 978.791736 6.904548 0.333333 4.756713 
4115.724255 1578.356926 4128.728056 1563.658529 7.273747 0.083333 1.774790 
427.553261 2728.814369 441.264896 2715.018616 7.071035 0.166667 1.760660 
515.492449 3305.764062 552.620695 3341.154075 6.164227 0.333333 11.561072 
581.205518 2222.630691 592.628904 2210.060102 6.306761 0.166667 2.006372 
1401.587772 3605.323396 1357.535053 3650.043862 7.456471 0.333333 17.609143 
1615.858361 3390.851050 1584.057676 3422.809240 5.346954 0.333333 18.003906 
2457.246768 3201.004746 2386.511582 3270.253783 6.552783 0.333333 49.568098 
2446.874325 875.637169 2466.995351 855.720888 8.920079 0.333333 0.790003 
2430.995204 2099.746400 2480.452792 2050.448194 3.635384 0.333333 23.116248 
2503.911973 3153.922719 2457.186879 3200.942764 5.364456 0.333333 40.547865 
2937.276132 2729.744932 2862.150818 2802.206899 7.006125 0.333333 51.341734 
3087.393588 206.390868 3070.719607 190.467049 6.531244 0.083333 9.155106 
3362.286748 2314.744944 3328.298110 2347.119081 6.381068 0.333333 23.915564 
3441.139183 1693.863458 3409.831070 1662.667293 6.248914 0.333333 10.917682 
3542.199364 1794.063754 3514.507241 1766.758600 6.342506 0.333333 9.534323 
4202.894032 1481.643268 4148.540129 1536.037944 7.096253 0.333333 47.709380 
4156.158803 1536.164355 4182.453414 1509.951324 5.295055 0.333333 0.589194 
389.308746 2821.967285 363.964897 2796.053573 7.168892 0.333333 4.408340 
560.859225 2242.120606 581.377889 2221.369453 4.484077 0.333333 2.017034 
846.179469 1947.416553 767.104126 2028.377907 6.445633 0.333333 71.453662 
992.913639 2154.140613 974.362282 2173.112564 6.414650 0.333333 1.365571 
1662.371705 2188.618461 1634.333039 2216.841478 5.378573 0.333333 7.386650 
2748.349529 144.603969 2770.887072 122.134097 6.225718 0.166667 6.690083 
2884.455113 434.289650 2932.053177 481.701043 7.105786 0.333333 21.599260 
2942.941021 492.025308 2965.824782 514.208390 5.440066 0.333333 0.223241 
3003.062561 2315.561203 2966.167541 2352.418102 4.444545 0.333333 22.251737 
3223.777500 2448.782721 3147.224841 2524.727641 4.761060 0.333333 64.893172 
3191.372368 309.891290 3167.520803 286.224164 7.043569 0.333333 2.917343 
3753.141062 870.621595 3727.376370 845.118487 5.375388 0.333333 8.633676 
3994.611211 1112.893048 3978.342425 1096.654814 7.952456 0.166667 1.358643 
4054.676046 1181.573014 4099.690055 1226.559754 6.191201 0.333333 34.729718 
4102.903223 1589.161633 4114.203971 1577.952572 3.819582 0.166667 0.215572 
137.778936 2929.723910 178.963795 2971.038846 5.384124 0.333333 33.762538 
695.050168 2461.338944 716.096100 2439.836090 6.196319 0.333333 0.399232 
1255.723751 1541.994711 1278.415306 1519.650392 8.084195 0.333333 0.790003 
1840.995403 2010.993273 1799.861092 2052.365484 5.435805 0.333333 27.970999 
3595.035802 1246.277848 3571.752592 1269.250940 4.460798 0.333333 0.438481 
3641.047695 1412.298585 3719.880377 1333.631440 7.104507 0.333333 51.956817 
3912.130488 1030.353958 3892.904497 1010.822505 6.235754 0.333333 0.733946 
194.932984 2619.940433 222.290092 2592.285624 5.475415 0.333333 7.992116 
725.714898 2796.992783 753.521168 2769.753399 5.557880 0.333333 3.420236 
1094.003653 3887.245015 1133.408926 3926.590644 7.112570 0.333333 30.813507 
1571.423494 4078.924470 1604.569099 4045.819336 4.445874 0.333333 12.623522 
1788.643089 1108.600282 1687.384071 1212.371746 7.497187 0.333333 77.456684 
1743.304447 3907.066589 1780.715635 3869.458620 5.414570 0.333333 20.907358 
1821.047349 1076.043365 1789.138850 1107.890795 5.342244 0.333333 10.656378 
1850.335035 3800.366220 1888.722625 3761.185210 5.960850 0.333333 14.728358 
3493.770908 1746.241745 3440.455214 1693.287414 7.034960 0.333333 23.578786 
4041.401170 1159.856425 4003.185670 1121.808556 7.144878 0.333333 22.340695 
132.765670 2665.250349 82.567500 2716.327089 6.025934 0.333333 22.952910 
741.695719 2061.714818 787.657608 2015.130448 7.841816 0.333333 21.666793 
1259.878633 3558.612609 1282.136924 3578.008873 6.785076 0.333333 6.611049 
1756.038787 2096.044382 1711.996967 2139.498616 5.326924 0.333333 24.704059 
2523.375383 789.617470 2504.911462 808.684015 6.257340 0.333333 6.637200 
489.637075 3280.231572 515.292997 3304.722792 7.110208 0.333333 7.457730 
591.983205 2563.239345 633.331663 2522.076947 6.300777 0.333333 7.782343 
508.943978 2293.996712 520.573764 2283.070465 5.586732 0.333333 0.345003 
1018.373397 3810.343900 1038.627858 3830.165732 7.677796 0.333333 12.834754 
1445.722049 1345.722108 1401.333051 1390.084237 5.319356 0.333333 32.951882 
2197.617764 3450.071360 2169.166737 3479.200694 7.008108 0.333333 4.856391 
2582.818431 729.052880 2560.819638 750.834071 7.088553 0.333333 1.024853 
3218.191382 336.818448 3191.415140 309.840760 4.541944 0.333333 17.504550 
856.296882 1936.215035 846.833650 1946.990958 5.406596 0.083333 6.350320 
2964.625217 514.086517 3004.529586 552.998355 7.137286 0.333333 12.133473 
3269.114582 2057.858602 3248.265319 2078.239836 7.231137 0.333333 3.136013 
3308.777397 2365.018440 3297.588534 2376.363062 3.909241 0.166667 2.424572 
195.960252 2981.538253 123.924346 2909.822090 7.137894 0.333333 45.754154 
1102.028631 2043.276889 1048.586867 2097.331629 7.161674 0.333333 29.651771 
1460.873830 1329.614741 1445.487751 1345.584072 3.681828 0.166667 7.276576 
1812.752002 3837.769339 1826.635251 3824.155222 5.976441 0.166667 5.494333 
2424.186231 1249.176828 2399.297969 1274.287576 4.423307 0.333333 2.207990 
2679.571651 2430.753144 2647.896402 2435.272966 6.537629 0.166667 2.144699 
2883.698913 2.452767 2850.461335 35.468630 6.178276 0.333333 8.349361 
3057.130299 176.620576 3009.608854 129.140940 5.328974 0.333333 54.776528 
3860.488792 978.280762 3837.814691 955.922054 5.303171 0.333333 7.032417 
1162.752420 3449.830103 1133.284604 3419.173100 6.894899 0.333333 10.453117 
1688.730570 3962.528228 1700.779008 3949.517618 4.565861 0.166667 4.625465 
2304.727871 1019.758082 2337.104295 987.091140 7.927237 0.333333 11.701635 
2688.737931 205.038326 2718.359879 174.603606 6.366031 0.333333 9.714330 
70.033173 2856.220693 44.947949 2831.298307 3.730324 0.166667 3.202893 
52.336442 2762.340981 79.976503 2734.970124 6.182785 0.333333 4.690725 
1770.088185 1135.098319 1809.127375 1096.606094 5.639882 0.333333 30.072634 
1799.245221 2052.993688 1755.872134 2095.860285 6.410291 0.333333 8.670658 
2380.041363 3276.252954 2328.226449 3327.004758 7.803568 0.333333 34.247707 
2486.720421 407.984147 2525.369718 369.133965 9.844113 0.333333 23.509806 
3240.412959 2094.174564 3325.271855 2010.253931 7.139748 0.333333 78.566469 
97.389996 2883.898603 70.794858 2856.708857 6.177035 0.333333 3.330974 
950.392219 3732.109461 935.401526 3717.093977 7.229287 0.333333 4.629415 
1015.603579 3301.897531 982.463309 3268.786177 6.194513 0.333333 20.450911 
1617.877067 4032.884780 1654.661471 3995.909996 5.435604 0.333333 18.443236 
3071.789660 190.715819 3056.961808 176.782618 5.717015 0.333333 4.351017 
4022.951515 1149.540053 4054.733399 1181.511319 7.107795 0.333333 18.975909 
2648.216327 2435.086410 2592.246832 2442.271466 5.880804 0.333333 25.850096 
429.905115 2372.425622 451.574691 2351.563074 8.305653 0.166667 2.840485 
1711.821906 2139.321220 1663.085154 2188.085892 6.204648 0.333333 25.222977 
1773.063975 3231.816690 1758.385037 3247.179079 3.984446 0.083333 1.912715 
892.032838 1909.584998 915.871858 1884.550371 7.717438 0.333333 5.777780 
482.685542 2320.212874 508.801976 2294.948355 8.280802 0.333333 3.822999 
596.261748 3387.175913 614.474606 3402.801975 6.371299 0.333333 0.086824 
1235.437646 4029.534052 1261.436520 4054.858450 7.570978 0.333333 4.856391 
1281.258609 3578.741620 1332.518371 3629.982320 7.083232 0.333333 25.358440 
2368.298277 948.247944 2354.212380 961.704778 3.507647 0.166667 0.372305 
4256.204751 1428.676977 4203.303399 1480.824060 6.650304 0.333333 32.625715 
360.631288 2796.854796 426.779555 2729.281567 7.598091 0.333333 42.892470 
753.991861 2769.006251 775.158427 2747.651524 5.612970 0.333333 1.469397 
793.626201 2722.332701 768.913475 2747.674939 5.369573 0.166667 2.384807 
1056.253228 3848.741693 1094.843667 3887.649950 8.023754 0.333333 29.805407 
1722.779752 3284.024387 1684.137923 3322.896742 7.102580 0.333333 11.848496 
3391.711691 2295.553713 3403.858592 2282.560827 7.304883 0.333333 1.219035 
934.860424 3716.518111 917.646185 3698.529382 7.972468 0.333333 1.672625 
1203.757348 1593.848482 1223.715224 1574.812244 7.890075 0.333333 0.693762 
2074.080420 827.830691 2100.334672 801.583881 8.840338 0.333333 6.937251 
2485.580038 827.887535 2474.571120 840.989476 4.785064 0.166667 3.369810 
2540.032584 772.458792 2521.477651 791.457725 5.987765 0.083333 1.632794 
168.531183 2628.523251 133.242576 2664.514689 7.192731 0.333333 16.968094 
441.830756 2714.338583 467.421029 2688.669349 7.073783 0.166667 11.670092 
2094.905957 798.654439 2068.690007 824.945538 7.088771 0.333333 4.408340 
3196.387544 2127.669652 3142.150754 2179.714998 7.096872 0.333333 30.462670 
1015.760362 2130.699533 1001.104448 2146.028512 6.205462 0.166667 0.717580 
1370.832097 3643.332241 1391.464914 3622.713760 6.186877 0.166667 1.102953 
3703.042084 828.193182 3724.180237 849.567610 8.107111 0.333333 0.871276 
1200.512810 3487.016583 1188.146214 3474.322042 4.508265 0.166667 0.342294 
1232.813201 3519.689242 1215.298556 3502.201954 7.084882 0.041667 3.642522 
3884.190176 1806.692159 3928.609310 1762.355558 7.095722 0.333333 41.564764 
3408.123946 1928.210579 3424.943051 1912.482454 6.889432 0.166667 8.375844 
3067.119619 2252.004645 3057.439120 2262.491882 5.228406 0.166667 1.919479 
3312.900903 2015.359342 3302.086250 2025.877448 5.573872 0.166667 3.369810 
502.303087 2653.599466 521.491293 2633.971901 3.856858 0.166667 4.045960 
222.973393 2591.735471 247.567555 2565.012382 4.338507 0.333333 4.844092 
894.326907 3682.759271 902.309470 3694.477527 5.401610 0.333333 0.394586 
1700.052403 2157.562948 1778.165771 2080.646947 6.620310 0.333333 50.312631 
1916.634712 3725.366748 1881.711948 3760.469180 7.988943 0.333333 8.669695 
2692.633193 2967.614083 2668.390817 2990.949716 6.135535 0.333333 4.638353 
2739.898898 2399.104808 2749.129003 2417.001869 3.107604 0.166667 0.241379 
3375.497253 2301.674312 3362.584281 2313.938011 7.068718 0.083333 0.905142 
3464.622579 2214.623619 3429.546742 2249.552715 6.263134 0.333333 16.056585 
3678.209649 803.011692 3702.315883 827.725700 8.948178 0.166667 4.181427 
1507.158482 4143.415431 1540.795263 4109.535052 6.260491 0.333333 6.830022 
3266.110663 2407.360446 3250.483182 2422.983497 7.069815 0.083333 3.838192 
1352.714176 4146.028728 1374.058549 4167.194127 6.302489 0.333333 1.731447 
1826.313291 3823.789231 1849.577367 3800.830054 6.239521 0.333333 2.080907 
710.595297 3499.398211 726.807041 3515.692614 6.999768 0.333333 1.840920 
1215.092845 3501.330442 1206.936368 3490.578446 3.269101 0.166667 0.598331 
1701.402121 3948.914730 1727.246873 3923.482625 5.530738 0.333333 9.477323 
2466.638498 847.891802 2450.494895 864.264179 2.612713 0.166667 1.629614 
2759.016564 2426.458132 2745.743064 2398.069797 6.338023 0.166667 1.115774 
3408.730442 2268.705200 3398.297305 2279.592235 4.442475 0.166667 4.479100 
1523.602378 1276.132063 1544.500154 1254.399293 3.322507 0.166667 4.545362 
2880.283182 2262.191616 2861.030869 2241.406895 3.402824 0.166667 0.593490 
1347.282512 1451.060023 1364.690597 1433.420013 5.774122 0.166667 2.201523 
652.724995 2870.250248 685.616513 2836.847512 7.166278 0.333333 8.834794 
766.483020 2028.959042 732.593211 2063.823141 7.170550 0.333333 25.553836 
1129.207266 1670.499652 1194.932459 1603.713323 9.348153 0.333333 42.313355 
1906.340038 997.569567 1975.353144 927.829932 7.570803 0.333333 61.699638 
2310.210109 578.932154 2292.534154 596.316211 8.020903 0.333333 1.672625 
137.182984 2677.199591 164.847989 2649.826381 6.276131 0.333333 1.797646 
3195.839789 2137.100975 3212.523974 2121.242674 7.705721 0.166667 1.923589 
2068.220119 825.719776 2049.504055 844.503589 3.711127 0.333333 7.840662 
2557.269549 2447.399928 2496.830413 2455.283161 6.413108 0.333333 16.634914 
2588.028571 731.831594 2604.692650 715.899796 7.279821 0.333333 5.135077 
4205.517146 1324.541357 4179.974385 1300.053646 6.622248 0.333333 5.550265 
4240.615589 1366.860631 4267.261530 1394.019370 6.229022 0.333333 4.008770 
932.161479 3722.811390 964.243618 3755.823078 7.549933 0.333333 19.094789 
2996.334264 116.177383 2929.858030 50.130699 6.459321 0.333333 69.740476 
865.293550 1927.713598 855.659927 1938.265688 4.965518 0.333333 0.075646 
1118.464725 3034.704646 1067.991318 3085.500091 4.529015 0.333333 4.113163 
3545.638331 670.578302 3561.696826 687.082094 8.862181 0.333333 0.115766 
2390.870730 3273.360966 2408.008961 3255.513571 4.615311 0.333333 1.141823 
2422.684773 900.167841 2436.689213 886.682068 5.945692 0.333333 1.560545 
1261.030212 3548.980636 1232.692199 3519.863141 7.822326 0.333333 11.126958 
1856.541376 2868.493284 1831.884893 2844.364890 5.379529 0.333333 2.009414 
3431.216053 2256.179526 3473.478116 2214.710954 6.970239 0.333333 32.943806 
1881.158859 3761.157257 1842.989230 3799.241721 7.128319 0.333333 30.825265 
2709.696071 2334.836105 2735.035321 2385.298774 6.146311 0.333333 9.136033 
3166.883461 285.618692 3141.236819 260.016456 6.201733 0.333333 5.474176 
119.699380 2906.575971 102.218425 2887.613036 6.289815 0.166667 6.022072 
124.493629 2916.702454 137.904077 2929.604626 6.237242 0.166667 4.663269 
2570.756262 323.249958 2609.618361 284.605643 8.076616 0.333333 11.401606 
4270.025846 1389.981556 4205.768145 1325.472678 6.330276 0.333333 48.028078 
969.238995 3760.746174 991.820895 3783.187287 7.963204 0.333333 5.910014 
1980.696232 2998.333957 2001.761833 3021.975835 4.998934 0.333333 0.463796 
2276.640170 611.391151 2258.835555 631.394859 7.582263 0.333333 0.883540 
2689.975176 628.736629 2726.344413 592.591129 8.980603 0.333333 17.251620 
768.083779 2748.083690 691.124119 2824.877888 6.250910 0.333333 37.852906 
952.351135 3246.389320 993.991666 3288.549858 8.739941 0.333333 24.201917 
1358.178580 3648.073164 1329.871231 3618.813556 6.200957 0.333333 11.448179 
2898.540667 441.507285 2883.133683 426.937659 5.153150 0.333333 2.710307 
3212.610932 2121.433629 3240.040173 2094.973008 7.451152 0.333333 9.936384 
4060.348133 1631.645585 4070.226668 1621.450200 3.079507 0.166667 0.280076 
430.551814 2861.950203 414.913495 2846.335684 7.076451 0.166667 1.202495 
1221.521245 1576.510513 1250.199000 1547.688628 8.041333 0.333333 2.903915 
2790.946390 2869.688048 2774.288040 2886.790297 5.395808 0.333333 0.821571 
622.650386 3412.303918 649.828844 3438.882715 8.200934 0.333333 2.604345 
1758.524092 3248.528873 1733.368652 3273.386544 5.355831 0.333333 2.728042 
1925.173210 3725.174494 1953.307605 3697.057719 6.197428 0.333333 6.822034 
2895.537639 15.872204 2882.374613 4.114475 5.829025 0.083333 0.317356 
1149.968317 3932.572529 1125.102561 3907.374035 9.904609 0.333333 17.332105 
1975.781337 927.047610 2073.578496 828.566668 8.401389 0.333333 88.695222 
3173.304765 1102.041070 3138.462029 1137.220774 3.748165 0.333333 5.756875 
1144.100374 3439.639191 1180.907766 3477.900478 8.666023 0.333333 18.000724 
1873.245064 1033.236648 1884.203236 1021.452402 4.694745 0.166667 0.580304 
2386.867753 927.923875 2372.975807 942.987410 5.378455 0.166667 0.622095 
856.513507 3645.968546 869.904819 3660.059426 8.656034 0.166667 0.360807 
1035.306913 3817.194152 950.951761 3732.797788 8.849196 0.333333 72.902468 
1824.633540 2844.006508 1846.694451 2864.568708 4.923504 0.166667 1.298174 
2308.637525 1007.367444 2288.996048 1027.809872 6.608909 0.333333 2.906500 
3525.118284 649.871569 3546.163713 671.347076 7.124344 0.333333 1.058951 
116.840261 2696.921008 136.921199 2678.091212 5.871524 0.333333 0.631804 
1609.421546 2241.921611 1591.908517 2259.410303 6.195172 0.166667 2.094343 
3009.067429 128.574697 2995.933175 116.538704 5.837681 0.166667 3.736493 
2535.034762 358.856838 2555.421763 339.211269 6.730136 0.333333 2.926704 
1152.055291 3000.810397 1119.011216 3034.012952 5.282141 0.083333 1.923344 
1518.454804 1273.456961 1462.167297 1329.667696 6.237247 0.333333 14.844069 
2111.826573 781.825193 2099.153445 794.147130 5.352448 0.166667 2.119439 
3558.087775 1283.077972 3533.179525 1308.189187 4.509044 0.333333 3.356680 
2460.673854 1213.174584 2425.406612 1247.922044 5.368772 0.333333 5.369197 
1078.059457 3859.483423 1049.041843 3830.942833 9.072934 0.333333 13.779968 
1074.149162 3369.611839 1094.643565 3389.154245 8.435958 0.333333 3.330974 
2326.913937 3326.817682 2318.416400 3334.689561 3.716428 0.083333 4.045144 
2909.813263 30.255305 2895.476898 17.035612 7.065269 0.083333 2.935818 
3061.341843 2607.558875 3019.057952 2649.075201 7.378403 0.333333 23.034282 
1117.433342 3900.064654 1098.647575 3881.346063 9.762282 0.333333 6.646236 
1649.603835 2208.367245 1689.354134 2168.087993 6.461617 0.333333 19.169945 
1954.702745 3685.826019 1938.694884 3701.262274 7.765787 0.333333 7.076538 
4179.772226 1298.992943 4154.531570 1274.193410 7.288955 0.333333 14.528821 
1237.264651 3533.973138 1266.130217 3562.625330 8.043427 0.333333 13.623831 
1545.494273 1252.997378 1561.546625 1236.554425 2.809691 0.166667 1.676138 
791.560701 2731.645675 812.825367 2709.159544 3.841097 0.333333 3.666576 
4014.735126 1678.555765 4029.977567 1663.680705 9.032235 0.333333 0.283680 
1352.219163 1552.226402 1390.118452 1515.107798 4.704309 0.333333 3.586110 
992.507098 3783.717210 1017.974923 3809.540205 7.242270 0.333333 20.068860 
1935.841540 2947.905977 1911.949790 2924.285023 6.302948 0.333333 2.656503 
1538.613841 1253.609784 1519.810810 1272.313133 5.359661 0.166667 2.665957 
2498.587051 1174.830437 2461.359308 1212.598797 4.247275 0.333333 7.542560 
2478.410048 2052.159973 2605.268220 1925.268315 5.322897 0.333333 54.479693 
1200.176919 2141.102072 1179.530053 2121.709915 3.481068 0.166667 0.375494 
1804.501504 3204.525168 1792.147542 3214.932351 6.292102 0.083333 1.115457 
32.412673 2782.459989 51.570982 2762.828312 6.305365 0.333333 0.733946 
1054.704762 3098.451113 1013.678585 3139.936290 5.273718 0.333333 3.509683 
1187.017892 3474.286561 1163.677387 3449.996474 7.970989 0.333333 2.670503 
1086.567922 3071.601675 1119.332800 3038.110811 4.390099 0.333333 0.153002 
2462.938303 2062.941103 2438.128614 2088.128560 5.102803 0.333333 0.733946 
1165.487450 2991.739366 1193.013239 2964.260894 2.564945 0.166667 0.581923 
4279.527304 1404.558438 4255.534500 1429.251614 7.299185 0.333333 5.431370 
1936.563761 2955.558713 1949.507483 2970.510308 3.039427 0.166667 0.938717 
2130.096701 771.391425 2150.346794 751.590483 8.937396 0.333333 3.480317 
1020.951175 3316.510985 1040.814040 3334.309045 8.378508 0.333333 3.180320 
3125.765697 2204.625049 3141.141257 2189.860873 7.981386 0.333333 2.001285 
2520.685806 800.691192 2566.989602 754.484585 9.775642 0.333333 8.541099 
3757.092649 882.955734 3774.983968 900.046075 6.862578 0.333333 2.001285 
3775.439112 900.787882 3802.130384 927.913762 9.643887 0.333333 7.159107 
3723.224284 849.169267 3751.367102 876.204889 9.632100 0.333333 10.926687 
1064.086228 2090.341570 1104.645899 2049.640619 8.017945 0.333333 23.511116 
1873.278162 2891.712705 1897.734005 2916.010404 5.377817 0.333333 5.478516 
2831.242661 2831.099037 2820.316037 2842.935922 7.277319 0.166667 0.931189 
756.885262 3546.864310 770.259463 3559.703695 7.623055 0.166667 2.899863 
1696.998965 2715.501351 1718.223353 2736.780091 2.935398 0.166667 3.268131 
2005.025867 3016.374272 1989.312577 3001.840999 4.358951 0.166667 2.759075 
1494.683674 3519.718195 1510.670383 3503.122877 4.558717 0.166667 8.621094 
937.463252 3221.210936 991.729586 3166.730158 4.539674 0.333333 18.777472 
1119.964529 3037.461690 1150.028729 3007.526166 4.497125 0.333333 0.806385 
3802.937142 928.303853 3818.600969 943.906914 7.970397 0.166667 0.068837 
2443.756332 451.267048 2461.434179 433.884260 8.210361 0.333333 4.450131 
1960.670284 2973.175814 1936.576559 2947.151299 6.148572 0.166667 2.916288 
2861.467001 2802.642778 2832.017792 2830.830142 8.552782 0.333333 11.855588 
2658.360568 1518.374901 2673.827930 1503.794645 5.017421 0.166667 0.791504 
984.220329 3169.190678 934.290894 3220.509333 4.793486 0.333333 8.533590 
2216.188058 1108.625328 2237.146519 1088.324346 6.746191 0.333333 4.857448 
2256.222725 3394.954599 2241.290893 3410.034360 7.097122 0.333333 1.699600 
700.782513 2823.278703 719.315291 2804.286498 4.474033 0.166667 0.702884 
2377.104260 519.615466 2393.429547 503.412916 6.338772 0.333333 2.077214 
1013.661233 3143.711666 1030.723978 3128.115724 2.748341 0.166667 0.295359 
1030.235482 3127.741052 1065.615491 3091.847751 4.731204 0.333333 0.937798 
1051.919958 3347.965707 1074.706634 3368.903721 8.308229 0.333333 6.991078 
3324.555751 959.562316 3355.081135 930.106782 4.466003 0.166667 0.087885 
1885.794636 2544.214439 1852.996942 2509.563076 3.728457 0.166667 0.067108 
3548.819625 1308.807848 3563.690292 1293.680708 2.415792 0.166667 3.351412 
2658.138191 2090.607025 2644.219262 2104.183840 2.621053 0.166667 1.133054 
3470.874427 1369.620510 3443.945813 1396.444133 1.733037 0.166667 2.339576 
1180.762148 3966.746439 1162.691665 3948.563391 4.058764 0.166667 2.212615 
1846.112973 2119.871289 1878.895863 2087.637698 3.863970 0.333333 4.909400 
2485.260066 2040.250765 2463.491369 2062.250655 4.081239 0.333333 4.351017 
1191.246202 3968.773387 1169.011717 3947.210659 4.540896 0.166667 6.915023 
1273.420802 4051.601398 1262.579063 4039.879965 3.183328 0.166667 1.133054 
1176.031886 2120.231305 1159.409063 2103.051516 2.927964 0.166667 6.124880 
1129.084350 3424.659291 1142.069427 3437.934827 7.168392 0.166667 7.102269 
2502.373836 2022.299675 2485.832408 2039.573613 4.329875 0.166667 0.791504 
2045.690095 2651.662887 2041.771319 2673.553971 5.840794 0.333333 0.087446 
3443.648775 1412.402030 3466.218256 1389.971943 2.356704 0.020833 0.709659 
2665.890277 2236.179904 2656.530044 2219.569387 2.708643 0.166667 0.280076 
1912.142352 2572.841689 1950.592839 2611.926939 3.766963 0.083333 1.878893 
2461.944401 433.216557 2473.943680 421.415447 8.568051 0.333333 4.820716 
2913.843999 2299.903328 2948.758614 2334.994576 4.457316 0.333333 10.129981 
2699.828223 1477.339172 2729.627836 1447.124361 3.816732 0.333333 1.068845 
997.310518 3161.099812 1016.240232 3141.210551 3.408326 0.333333 1.260539 
1235.584536 2916.830271 1205.635406 2946.885370 3.230288 0.333333 0.227078 
1257.423817 2901.231174 1285.571500 2870.575876 3.908908 0.166667 1.168031 
3198.312035 1078.328934 3180.033403 1095.092892 3.379559 0.083333 1.743387 
1012.979303 3140.471561 984.947022 3168.701776 4.509566 0.083333 2.761075 
973.473767 2543.474605 955.952809 2560.953596 3.808192 0.166667 1.147189 
1658.182795 1140.684558 1681.659391 1117.902815 1.772889 0.166667 2.461949 
1814.216382 2150.458877 1835.321525 2130.307166 2.909590 0.166667 0.342294 
1267.271533 2208.971310 1244.187072 2185.808035 4.463093 0.083333 0.823869 
1414.392447 4191.916815 1397.291957 4173.977538 3.189304 0.166667 0.189403 
3229.296936 1045.513081 3205.235910 1068.975992 1.818958 0.166667 4.835695 
1858.759164 3150.100174 1839.462520 3166.975080 5.420220 0.166667 2.093034 
1360.851125 1539.602154 1335.163819 1565.173097 4.417399 0.166667 3.445584 
