1130.394036 1060.623709 1130.736476 999.368635 5.167631 0.333333 14.056699 
1296.881015 2010.435344 1154.372218 2010.806353 5.296120 0.333333 65.451721 
1325.641053 48.976156 1153.112923 50.294325 6.927875 0.333333 95.682103 
1426.879620 2010.319353 1298.122296 2010.590412 6.492083 0.333333 66.964442 
1979.375026 1769.299589 1670.625002 1769.293595 5.003737 0.333333 227.303233 
2818.129117 2021.267665 1681.870846 2018.748863 6.050478 0.333333 622.511507 
2269.358341 1771.381715 1980.607487 1768.984588 6.042249 0.333333 139.921210 
2143.115116 1774.366285 2205.641012 1774.864161 4.999841 0.333333 26.937284 
2176.962906 343.840458 2156.841252 344.390556 3.269418 0.166667 5.533848 
2168.124913 2024.562832 2283.125465 2024.615849 5.053016 0.333333 75.190809 
2230.620590 1774.909268 2293.133621 1774.524078 5.346497 0.333333 25.840841 
2284.373592 2024.303918 2886.875718 2025.023357 5.422404 0.333333 299.161182 
2294.364098 1774.551314 2320.631672 1774.752082 6.288032 0.010417 5.177348 
2328.123926 1774.443010 2358.126173 1774.415737 3.776133 0.333333 15.037709 
2479.377916 1770.026823 2269.370935 1770.966393 5.419383 0.333333 88.527184 
2614.374356 1570.767992 2549.370042 1570.475009 4.999949 0.333333 19.128229 
2926.875892 1571.642399 2614.380486 1570.444172 5.718905 0.333333 131.294254 
2975.289993 916.935194 2973.164877 816.847613 6.460869 0.333333 61.307797 
3051.865461 45.594787 3144.378284 45.245995 6.240530 0.333333 28.231075 
2871.863060 345.593805 2886.910597 345.741212 4.460352 0.166667 1.294574 
2103.125979 345.523139 2080.623274 345.506836 4.381337 0.166667 0.039863 
2358.099046 1774.483522 2416.882820 1773.845547 5.040402 0.333333 14.893683 
2550.617790 1570.323920 2470.619518 1570.695807 5.017378 0.333333 24.258982 
2739.352321 46.542181 2776.885880 46.333691 8.930392 0.333333 4.595447 
2828.124296 345.720664 2870.625805 345.694747 7.520579 0.333333 4.281041 
3185.621636 45.214233 3274.376336 45.034433 5.106345 0.333333 28.271586 
1543.136544 2010.106325 1513.104564 2010.580385 3.631159 0.083333 9.101070 
1969.363406 2023.715560 2094.382067 2024.503107 6.257750 0.333333 55.256190 
2138.113127 349.727276 2178.147979 350.023940 7.796191 0.333333 11.373993 
2968.474009 771.861501 2970.014973 954.401254 7.768364 0.333333 111.567256 
3000.607949 45.741510 3050.629161 45.566863 6.258690 0.333333 5.200697 
1151.879575 50.727391 790.621901 51.362520 4.821984 0.333333 108.985323 
2199.394148 344.362428 2179.379794 344.058885 3.086370 0.166667 10.153567 
2020.620246 601.547675 2233.125851 600.907193 6.517459 0.333333 74.751776 
2886.868349 345.672737 2963.128284 345.570312 7.547002 0.333333 20.738364 
2043.160332 45.535818 1983.099954 46.416032 6.945390 0.333333 22.267436 
3095.625093 41.834028 2688.127206 40.906114 6.301218 0.333333 243.824541 
2259.390940 343.576562 2200.610969 344.127198 6.284853 0.333333 17.214213 
2580.623282 1574.506079 2615.650027 1574.965044 5.310747 0.333333 0.898623 
3279.848295 333.154529 3279.622613 308.111504 5.771131 0.333333 3.577401 
2204.373285 1774.428456 2230.676415 1775.272246 4.389331 0.166667 5.325824 
2833.035448 2034.572441 2863.205336 2033.811922 4.934619 0.333333 6.299893 
2977.236029 1038.151742 2975.734988 918.092369 6.499542 0.333333 71.720389 
2095.623723 2024.377821 2166.875618 2024.414164 5.026778 0.333333 25.460007 
1553.119567 52.708090 2113.113618 50.882857 8.030393 0.333333 347.599623 
2673.105751 46.868571 2720.636530 46.625011 8.961258 0.333333 14.721265 
1341.853552 1561.500307 1275.843915 1511.585497 7.514717 0.333333 41.057540 
2136.921335 344.588775 2104.338116 344.969656 7.791705 0.333333 10.613325 
2174.356704 50.362783 2226.895797 50.014773 7.756504 0.333333 16.537490 
2753.121909 346.290681 2820.628036 346.176935 8.832129 0.333333 8.833031 
2528.115448 1574.625385 2550.630451 1574.768727 5.007857 0.166667 0.038309 
2674.364461 346.548574 2731.882305 346.334100 7.523253 0.333333 13.095681 
2961.872746 45.439812 2999.377870 45.519207 4.422616 0.166667 13.642339 
2179.326433 350.172759 2223.146828 349.451875 8.054127 0.333333 6.713493 
1870.619636 1772.917662 2141.881749 1774.313071 6.327078 0.333333 154.178968 
1154.375813 2010.791481 729.375236 2011.035533 5.156479 0.333333 208.923954 
1484.390394 2010.666702 1444.365040 2010.156780 5.302145 0.333333 16.490349 
1656.871752 2022.992715 1968.130021 2023.897327 6.420718 0.333333 176.046328 
2910.637993 340.560396 2843.119908 340.920622 7.573252 0.333333 15.845467 
1511.880264 2010.351023 1484.360839 2010.499455 5.006669 0.333333 0.761622 
2591.886208 341.986540 2260.620851 343.408270 6.362602 0.333333 169.449197 
2035.617998 350.590269 2108.136282 350.195028 6.529227 0.333333 33.596141 
2810.611677 46.263376 2941.880679 45.701342 7.954841 0.333333 42.707603 
1064.386713 799.839179 899.377335 800.966687 5.742954 0.333333 60.543447 
2721.874417 2029.069509 2661.879405 2029.183969 3.859693 0.333333 5.420996 
977.188878 1206.872967 768.956150 1362.564802 6.643797 0.333333 155.300378 
844.374687 764.133320 954.375840 764.167431 3.771319 0.333333 83.765276 
1471.858332 1671.060281 1483.676619 1634.553575 4.585621 0.333333 15.765147 
2629.370248 346.629927 2673.127956 346.722145 7.521058 0.333333 6.420926 
2616.874205 1574.775927 2793.128469 1575.125379 5.317215 0.333333 115.519014 
520.023438 1361.871529 519.835854 1394.384871 3.937441 0.333333 10.161285 
2123.137896 44.631513 2048.116146 44.982504 7.839107 0.333333 28.671286 
520.613407 1188.124970 520.172084 1360.630237 6.470633 0.333333 63.308343 
1114.373793 54.030913 1364.375543 53.841605 4.988640 0.333333 125.486603 
2813.121787 1575.328226 2925.633149 1575.707466 5.320184 0.333333 20.285876 
969.374394 764.140921 1009.375408 764.124593 2.516328 0.333333 9.461200 
2609.327145 47.415973 2673.069803 46.731874 9.125101 0.333333 18.279941 
1010.623344 764.173605 1090.623240 764.082316 5.042789 0.333333 27.087511 
2978.116104 339.740296 2911.860234 340.406496 7.977208 0.333333 43.416437 
518.784753 1463.097492 519.517480 1480.671178 4.732040 0.166667 0.775629 
779.407566 1079.376376 779.466553 1024.375098 5.048258 0.333333 8.890014 
779.664265 1170.631301 779.894592 1114.366893 4.938554 0.333333 5.977939 
2970.359224 954.344896 2971.320215 1025.666161 9.389168 0.333333 32.650411 
2473.124514 1574.454981 2528.137669 1574.789116 5.235260 0.333333 21.057523 
3116.858857 2033.811118 3171.889111 2034.089946 8.914557 0.333333 19.563780 
2733.081951 345.849896 2751.886768 345.680366 3.896187 0.333333 1.613483 
2273.096720 49.358806 2433.144013 48.157013 9.068876 0.333333 101.494288 
1244.375428 6.344447 1066.874349 6.383049 6.253262 0.333333 118.491408 
779.930463 1215.625110 779.935424 1190.624863 3.129960 0.166667 4.130035 
2235.579663 349.396201 2305.660492 348.544122 9.129279 0.333333 22.006124 
2968.385879 346.862778 2966.006771 539.395164 6.310164 0.333333 123.283493 
1571.873339 2022.877569 1655.629321 2023.016316 6.289335 0.333333 51.072963 
1668.374496 1621.841774 1668.874039 1644.386100 3.400990 0.166667 0.330520 
3277.132821 2033.127801 3277.704026 1725.621896 6.549517 0.333333 167.053582 
3278.389388 1159.379846 3278.015463 986.867109 6.252695 0.333333 115.367832 
1277.674100 1511.086399 1397.303035 1303.900399 6.979299 0.333333 122.386306 
2721.855071 45.347870 2738.226230 45.683226 4.321964 0.166667 2.717153 
2886.873683 2025.431179 3034.375841 2025.296617 3.857190 0.333333 35.590151 
3056.878794 2022.347349 2846.865497 2021.322726 5.121910 0.333333 128.491172 
3272.808712 1749.370084 3273.140796 1896.877779 6.283754 0.333333 94.159442 
1399.749069 1614.216728 1414.976032 1626.433849 5.503897 0.333333 0.310269 
3283.114831 41.398749 3095.621291 42.039334 5.636304 0.333333 61.591321 
1155.617504 12.044295 1235.624717 11.786964 7.479859 0.333333 34.262556 
916.873263 2014.608792 945.630964 2014.822498 3.870617 0.333333 5.391729 
2478.105498 47.907108 2608.136385 47.421120 9.119013 0.333333 46.551531 
2973.458999 815.625541 2973.487192 733.123415 7.502563 0.333333 24.901091 
3173.120504 2033.958698 3278.124109 2033.796800 7.567446 0.333333 47.080318 
3272.968669 1898.116956 3273.414871 2028.119715 5.081486 0.333333 73.586277 
1666.867068 1772.724985 1869.383065 1773.489965 6.264120 0.333333 99.327144 
2721.820418 1436.831935 2756.884752 1436.079348 6.355851 0.333333 0.720856 
3278.297238 1279.375704 3278.267768 1181.874579 6.277203 0.333333 58.535398 
1464.384395 48.071953 1326.867225 48.599934 6.686680 0.333333 78.003747 
2776.875988 341.206214 2681.872012 341.367781 3.907303 0.333333 82.795206 
1065.625023 6.573961 794.374830 6.552809 6.267156 0.333333 182.724244 
1235.624555 12.157734 1353.125634 12.191855 6.283395 0.333333 75.544682 
2476.943556 1768.129995 2476.548050 1575.620536 6.470842 0.333333 187.265733 
2681.889529 341.188656 2593.115185 341.899831 6.249799 0.333333 54.837277 
3272.245661 1576.855643 3272.868244 1709.387950 8.087110 0.333333 78.301898 
3277.765964 1440.623585 3278.396759 1280.616216 6.363291 0.333333 149.225437 
527.396527 1424.410790 526.717156 1386.855243 5.044399 0.333333 13.722578 
1943.133356 46.971687 1880.621936 47.172836 3.951092 0.333333 55.374727 
2238.124053 49.435880 2265.656274 49.864064 9.040508 0.333333 0.314115 
2471.848773 1573.124949 2471.469384 1768.129075 6.539387 0.333333 142.411948 
2845.650775 2021.238191 2819.353931 2021.601977 3.887967 0.166667 6.090833 
2864.372272 2034.226126 3063.126391 2033.838530 7.833944 0.333333 111.404058 
2689.401760 40.615595 2519.356808 41.832096 8.758718 0.333333 87.552760 
2966.629720 540.615943 2968.703203 770.642323 6.565227 0.333333 143.878140 
2972.019557 673.176797 2972.859275 650.568702 4.648207 0.166667 6.612239 
3279.301267 228.130625 3279.469372 155.619423 10.165153 0.333333 24.778911 
2927.802877 1588.121209 2927.515682 1423.121709 6.321789 0.333333 96.925656 
3277.748554 1699.375954 3277.831658 1514.374307 6.328610 0.333333 144.114043 
1879.376899 47.208344 1465.622996 47.704693 5.819630 0.333333 254.224512 
2924.134670 1438.029995 2922.675801 1460.915102 2.566862 0.166667 0.625257 
1361.890732 53.729659 1551.885854 52.766893 6.800984 0.333333 120.632827 
2473.116211 347.423630 2508.133105 347.327501 8.794577 0.166667 0.669388 
3278.074426 1180.679295 3278.369241 1160.591893 6.249327 0.333333 0.258243 
586.911494 513.123930 587.043699 363.122945 6.354659 0.333333 82.175047 
1423.132593 6.438422 1355.619708 6.686865 6.355755 0.333333 31.162385 
1483.888561 1634.215965 1506.857676 1563.960664 5.552130 0.333333 11.584525 
2479.384909 41.939954 2381.867048 42.316690 7.809002 0.333333 31.571049 
3268.215626 813.124128 3268.238400 848.127366 7.499185 0.333333 7.193324 
1289.309170 1479.339180 1269.760774 1515.265076 7.266249 0.333333 11.532120 
2033.106548 951.254495 2128.132791 950.692596 5.059042 0.333333 34.509403 
2481.874822 1035.251240 2606.875324 1035.276577 5.013176 0.333333 21.621184 
2972.850568 688.163667 2972.499618 674.327451 5.780665 0.333333 1.473589 
2973.081984 731.882271 2973.210126 710.610453 4.374887 0.166667 5.704468 
3272.880466 1710.613981 3272.729813 1748.138469 7.364441 0.333333 8.711145 
958.123707 11.896850 1154.376219 11.997452 6.330095 0.333333 185.413111 
1136.630764 823.139391 1136.283208 756.864993 6.335131 0.333333 26.868221 
1600.625118 7.022101 1530.624718 7.014614 6.255482 0.333333 15.599742 
2311.875467 597.551606 2024.374640 597.317370 5.093692 0.333333 117.812488 
2129.371975 950.825743 2300.620551 950.331972 4.013090 0.333333 67.665584 
2345.634673 42.936052 2320.618998 42.767890 6.266664 0.166667 4.281895 
3277.246867 1724.445686 3278.289476 1700.523211 5.376246 0.333333 14.799073 
2841.875505 340.939761 2775.624353 340.924449 6.255778 0.333333 35.649317 
2922.616605 1461.870583 2922.487818 1513.135960 7.534518 0.333333 14.253711 
3277.172612 941.965690 3278.353433 921.815136 5.098144 0.333333 3.271516 
1003.120617 54.057821 1113.126185 53.886668 3.884188 0.333333 104.138636 
1466.829437 11.617831 1504.415500 12.381387 6.527983 0.333333 6.568173 
1668.111439 1200.514464 1710.632133 1200.090630 6.473952 0.333333 4.750718 
2803.113348 1582.328783 2926.873571 1581.624065 4.312235 0.333333 40.340845 
3268.291087 854.373325 3268.221531 899.379013 7.523173 0.333333 7.028265 
1108.123853 758.252735 1013.128081 758.173657 8.814511 0.333333 54.336237 
3267.540265 754.345745 3268.228619 799.411603 6.802903 0.333333 15.528535 
2775.628062 2029.304323 2723.123419 2029.370505 3.170689 0.333333 4.363000 
3267.193367 596.862398 3267.892109 753.131631 6.618824 0.333333 90.817875 
3274.401626 2028.201676 3150.597901 2026.841398 8.254884 0.333333 59.988539 
871.865295 1292.669711 902.624638 1269.947649 8.740683 0.333333 11.711734 
2685.617571 2032.730099 2785.642601 2033.599131 5.781715 0.333333 35.443639 
3278.070948 1513.140108 3277.649318 1441.863025 7.669933 0.333333 29.207722 
2280.642934 43.128314 2248.117738 43.361329 6.303569 0.333333 3.447333 
3085.526261 2032.778386 3115.692102 2034.161583 7.996486 0.333333 0.652096 
3274.320457 650.619261 3274.200347 625.601833 9.350880 0.333333 5.008219 
2972.106489 649.398956 2971.947683 634.361032 3.908188 0.166667 0.625257 
869.374843 803.839737 1094.375654 803.889016 4.995346 0.333333 89.199998 
2926.877858 1431.721997 2806.872159 1432.034618 4.033286 0.333333 79.964824 
3275.439447 849.380198 3275.323287 789.368325 8.839505 0.333333 28.318665 
1136.837577 848.219902 1137.758907 824.312719 4.513846 0.333333 3.900776 
1446.971248 1207.123881 1289.917796 1479.160027 8.459574 0.333333 168.804225 
2069.354101 947.132037 2031.870705 947.920945 4.038500 0.333333 4.198427 
2785.612649 2033.815026 2831.886154 2033.994186 6.245114 0.333333 6.928125 
2923.226038 1553.045886 2921.849499 1573.037173 4.813500 0.333333 3.181325 
1505.678697 1556.892818 1489.620630 1605.286067 5.149974 0.333333 8.415838 
3271.570618 1431.820814 3272.161740 1469.409806 9.220638 0.333333 5.193321 
586.998887 348.125017 587.009975 268.124672 6.256756 0.333333 44.161984 
3267.292993 419.374978 3267.292125 501.875031 5.000684 0.333333 46.167908 
902.745647 1269.690308 951.239725 1233.523201 8.254006 0.333333 24.525575 
3267.513275 503.124213 3267.394341 595.628882 6.357673 0.333333 38.544013 
3271.089805 1275.574977 3271.868643 1360.659385 10.503014 0.333333 33.683033 
2778.089537 45.260148 2802.101475 46.222162 4.193344 0.166667 1.251550 
1435.580981 1238.099640 1461.358106 1193.357056 6.534222 0.333333 25.004329 
1489.094940 1607.209971 1472.188247 1656.164871 5.524202 0.333333 9.474779 
2529.370442 347.247602 2629.368573 347.112645 8.876517 0.333333 28.637201 
959.380439 755.693427 854.377069 756.126596 4.064518 0.333333 62.522929 
1504.367457 2022.823351 1539.395068 2023.101962 5.178802 0.333333 5.936451 
1981.891939 46.410952 1944.363337 46.723183 5.103821 0.333333 36.110218 
2119.316948 50.854790 2149.391224 50.358836 7.828755 0.333333 2.205215 
3096.898208 2024.317594 3074.376488 2024.531580 9.493310 0.166667 1.216260 
581.862577 256.859527 582.284877 290.635504 6.562061 0.333333 2.552465 
2438.073789 348.040158 2473.067548 347.572843 8.649072 0.333333 2.766082 
964.823706 1222.498625 976.615472 1214.014300 4.107859 0.166667 0.002124 
1440.608247 2022.846176 1485.636754 2022.574709 6.393068 0.333333 8.041577 
3279.708832 269.382131 3279.809528 229.366657 8.794009 0.333333 14.229322 
1414.795744 1625.968948 1473.466921 1671.433759 7.930012 0.333333 23.706947 
1402.750614 1294.695586 1429.699546 1247.595489 6.660773 0.333333 19.679689 
2056.907591 345.981743 2023.095438 346.667580 3.723365 0.166667 9.491650 
775.271220 946.869313 775.405200 1026.877461 6.327440 0.333333 15.518791 
1904.374976 2010.078321 1668.124993 2010.081445 3.753124 0.333333 31.139445 
2551.807271 1574.244468 2569.469500 1575.313052 4.097222 0.166667 0.617327 
2079.402808 345.878759 2064.344758 345.458446 4.406957 0.166667 1.294574 
582.165100 379.375130 582.120314 479.375670 5.043665 0.333333 48.210173 
2316.909312 42.676173 2299.338967 42.471726 5.624408 0.333333 4.095258 
718.124501 2011.040322 618.121642 2010.920169 5.042049 0.333333 23.812669 
3267.193157 373.121407 3267.296281 418.126899 5.028629 0.333333 11.334305 
1378.085020 11.855566 1398.185637 12.508614 5.118473 0.166667 2.270133 
2451.874203 2032.079553 2684.380414 2032.985481 5.228871 0.333333 84.271496 
2200.702863 43.649416 2183.181749 44.418258 5.915201 0.333333 2.091626 
2835.625178 1033.047194 2685.624678 1033.027103 3.769254 0.333333 50.923248 
1486.931942 7.158650 1458.072532 6.417197 5.607920 0.333333 0.960360 
1694.375992 1196.786337 1534.373973 1196.923003 5.090752 0.333333 35.259506 
2518.128027 41.779222 2480.622876 41.810286 8.762421 0.333333 0.092987 
809.373977 11.746520 958.126133 11.882170 6.354868 0.333333 100.540167 
3279.185880 309.425284 3279.868511 278.054139 8.747929 0.333333 6.354826 
519.860966 1525.624565 519.838880 1564.375264 6.262823 0.333333 9.175690 
527.013813 1460.668475 526.367476 1425.565298 7.843905 0.333333 0.366905 
581.807974 346.865844 581.982251 369.383844 4.413546 0.166667 6.470474 
779.576521 1010.636149 779.071207 963.114939 4.946553 0.333333 8.262213 
1411.860945 12.559385 1431.887135 12.704894 3.822492 0.166667 0.617327 
1529.388831 7.007290 1488.114215 6.496557 6.496983 0.333333 6.603648 
1211.873631 2022.284462 1294.381069 2022.560414 4.005001 0.333333 22.003802 
3272.248557 1514.345252 3272.049854 1536.898566 6.951699 0.333333 5.206477 
584.378230 11.096586 720.628098 11.230838 6.376858 0.333333 24.272732 
2114.352324 350.407670 2136.885577 350.059446 4.354790 0.166667 10.134395 
775.630634 1028.121564 775.818765 1096.877890 6.356004 0.333333 13.724825 
2374.374827 1032.042091 2324.373587 1031.990350 3.775867 0.333333 0.397804 
3277.769160 976.882664 3277.230359 951.867346 4.017724 0.333333 7.169473 
2695.624625 1035.672728 2773.139474 1036.281262 4.112961 0.333333 11.451801 
1124.428599 1009.348287 1124.103220 1054.373036 10.099103 0.333333 14.908036 
1668.972261 1714.366308 1668.431777 1739.408600 3.258697 0.166667 3.448755 
2972.487378 481.909753 2973.074462 429.332563 10.306426 0.333333 10.671738 
3275.323560 788.152480 3274.873883 721.854660 9.182185 0.333333 25.806460 
1090.619335 763.800894 1121.888091 764.062955 5.219816 0.333333 0.619200 
2191.875595 947.625633 2069.372790 947.479630 4.988078 0.333333 45.014500 
2922.391440 1514.357621 2922.509653 1551.880877 8.844468 0.333333 4.650446 
2306.866810 348.575875 2434.374765 348.066230 7.974576 0.333333 71.622491 
2646.906662 1032.812583 2624.375198 1033.138696 2.427247 0.166667 5.432932 
2973.975166 395.701344 2975.004645 350.525407 9.545109 0.333333 14.035527 
2973.342153 428.182648 2974.008238 396.787658 9.997750 0.333333 6.130595 
1648.123390 2010.049192 1568.120860 2009.858102 3.872402 0.333333 19.045430 
1387.011467 1595.895383 1369.227180 1582.870118 6.973893 0.333333 0.708289 
1671.687524 1619.398966 1671.103452 1584.367023 4.103721 0.166667 0.932936 
3269.994089 990.602482 3270.677101 1123.124731 10.663429 0.333333 74.144158 
775.772031 1185.530278 777.431329 1231.899822 4.820441 0.333333 7.985755 
3277.490203 909.410389 3276.621235 863.129765 5.515369 0.333333 16.353936 
770.219082 1368.396124 871.753882 1292.961975 9.234637 0.333333 72.612502 
769.375436 6.775798 694.365895 6.446017 5.142837 0.333333 34.948377 
1336.878727 6.390774 1284.371973 6.487846 6.291586 0.333333 18.067150 
1668.978809 1670.622416 1668.725983 1709.387072 5.179247 0.333333 8.191691 
2973.204106 709.433136 2972.721934 689.354661 4.582904 0.166667 2.872391 
899.372785 801.116007 815.623498 801.360401 4.937968 0.333333 9.166532 
2800.625204 1431.960463 2745.624768 1431.950833 5.006784 0.333333 2.151432 
563.171078 2010.632832 530.590209 2011.231458 3.800080 0.333333 1.900573 
1125.440900 880.575577 1125.000679 915.617157 9.389815 0.333333 0.143101 
1521.857363 12.214215 1544.387553 12.354168 5.593821 0.333333 1.494014 
951.328192 1233.374206 964.448026 1222.900649 7.043617 0.166667 8.981871 
3074.383017 2022.221744 3058.120875 2022.303398 3.825268 0.333333 1.937147 
3272.309060 1538.118129 3272.396907 1575.632559 8.811445 0.333333 10.986409 
776.239470 1098.124442 776.266419 1188.125182 5.024329 0.333333 34.053763 
923.100572 54.032222 955.631262 53.533299 2.998100 0.333333 7.662602 
1125.173289 916.824129 1125.551820 950.667761 10.292877 0.333333 1.602824 
1539.372414 2022.594299 1570.625979 2022.548908 6.249993 0.333333 7.315317 
1343.036911 1570.741313 1360.174262 1583.720157 5.967142 0.333333 0.397918 
581.996831 309.371938 582.039175 345.627728 5.024815 0.333333 4.351463 
3272.232430 45.626998 3272.043675 79.389920 7.555788 0.333333 7.381326 
1133.768503 969.406369 1134.392871 906.837757 10.286382 0.333333 29.193974 
1351.852324 12.485849 1376.909480 11.596873 5.617329 0.333333 2.278019 
1189.374162 2015.010041 1228.125821 2015.027269 5.006668 0.333333 3.224989 
520.109051 1481.874900 520.103964 1508.125626 5.627422 0.333333 2.906476 
3145.616935 45.180092 3184.400608 45.568603 6.237165 0.333333 3.600582 
527.736181 1534.382654 527.642640 1514.353901 3.825824 0.333333 2.992189 
1368.121251 2022.506712 1423.121029 2022.396337 6.267547 0.333333 6.105228 
1471.137829 1164.821678 1447.383194 1207.003312 8.512657 0.333333 13.157523 
581.728287 480.609568 582.165317 511.853455 4.859648 0.333333 2.033699 
956.867978 54.092889 1001.878490 53.886604 3.956195 0.333333 30.474698 
1461.710207 1193.160107 1479.849678 1160.198326 7.231993 0.333333 6.780745 
1671.190222 1583.128323 1670.975499 1458.124398 5.208267 0.333333 27.373388 
2774.309920 1582.569741 2791.877215 1581.936439 1.957166 0.166667 1.828956 
755.605139 11.427889 780.629274 11.259244 6.283525 0.333333 2.178009 
1673.256584 1662.012952 1670.845139 1620.612178 5.512577 0.333333 2.372142 
2380.701309 41.493278 2364.292483 42.084392 5.574327 0.083333 0.078989 
1503.124336 1161.551390 1601.876485 1161.348865 5.010244 0.333333 21.523986 
2914.377373 1032.747519 2836.871147 1032.958302 3.882564 0.333333 9.722168 
1558.128705 1158.359161 1481.876060 1158.549512 3.809276 0.333333 42.703995 
1575.593447 11.926749 1610.635956 11.475120 6.636090 0.333333 1.414999 
779.741784 1258.142570 780.190603 1216.843111 3.111121 0.166667 5.451959 
619.376632 2011.328868 564.365916 2011.164456 5.153149 0.333333 1.844077 
1486.850224 2023.204652 1504.342384 2022.834341 3.229427 0.166667 2.017719 
524.910468 1206.865890 524.357362 1174.354035 5.169376 0.166667 1.159716 
3271.570146 1361.866641 3271.736984 1430.631400 10.157674 0.333333 26.445935 
1433.111430 11.939373 1465.646678 12.275275 6.301285 0.333333 0.874965 
2828.127014 1437.252152 2858.128516 1437.215012 8.154394 0.333333 1.064435 
2234.373794 600.760544 2345.625885 600.857341 5.090268 0.333333 24.444696 
2983.126900 2028.595819 2904.368093 2028.913675 4.042564 0.333333 2.100262 
628.138483 6.716983 560.608766 6.070313 5.035679 0.333333 15.224766 
1135.673300 758.911959 1117.974708 757.065821 3.753183 0.166667 2.063640 
1265.656627 6.527977 1245.611889 6.714270 4.883508 0.333333 3.701838 
2608.121249 1035.619490 2668.124448 1035.440213 3.921781 0.333333 10.585694 
3279.742553 69.455018 3278.895929 46.892977 6.868846 0.333333 8.627071 
3270.961647 1203.090692 3271.361002 1250.660797 11.270591 0.333333 17.651210 
525.253071 1273.127389 525.207036 1241.873774 6.275769 0.333333 5.988403 
793.126526 6.817185 770.576243 6.221865 5.294716 0.166667 3.112552 
520.219718 1410.596016 519.868473 1430.655528 5.064887 0.333333 3.701838 
2834.378064 1035.921346 2895.631447 1036.118133 5.116433 0.333333 3.366820 
525.979133 1339.404632 525.411616 1274.365955 7.706945 0.333333 12.680048 
3271.364468 134.320944 3270.665359 189.423090 10.379790 0.333333 23.112993 
726.907728 11.234692 754.421122 11.711046 6.292341 0.333333 6.067781 
2704.366836 1581.647589 2759.383289 1582.086847 4.089195 0.333333 18.896143 
3268.372712 900.617895 3268.492314 946.874050 7.590472 0.333333 16.147847 
1728.138059 1196.362844 1695.604003 1196.938679 4.103346 0.166667 3.405351 
2478.127463 2029.036543 2423.124487 2029.185185 2.638486 0.166667 5.394770 
845.551534 2015.150073 873.127323 2014.469083 2.930510 0.333333 1.613483 
779.372527 803.784186 868.130657 804.117211 2.823594 0.333333 27.850394 
3267.105545 336.868944 3267.228298 366.878668 5.030636 0.333333 2.026704 
1283.154886 6.714766 1265.609850 6.938869 4.518175 0.333333 1.886590 
2325.629927 947.432061 2193.127504 947.793306 4.087368 0.333333 9.922317 
3277.719809 505.619367 3278.345749 460.593315 6.457902 0.333333 6.327684 
1529.605193 1486.126003 1515.665024 1527.311636 3.280073 0.333333 8.778254 
1638.137387 1158.305704 1578.131063 1158.825257 4.269338 0.333333 8.208591 
2684.377699 1032.779725 2648.124624 1032.825137 2.526616 0.166667 7.241504 
526.051664 1385.605802 526.664757 1359.311806 6.668995 0.333333 1.478234 
853.128047 756.064377 781.876024 756.192878 4.999992 0.333333 22.565775 
1511.879270 1196.877166 1481.872958 1196.928376 3.144192 0.333333 5.499063 
1513.668727 1543.729818 1528.030962 1500.181734 4.319183 0.166667 6.393099 
2406.873459 597.656165 2311.882705 597.968462 4.012992 0.333333 18.344776 
1667.244828 1471.831715 1667.814047 1493.133309 2.107395 0.083333 0.975256 
3270.333807 216.844836 3270.072506 251.852216 11.296336 0.333333 7.946957 
1667.655591 1493.119120 1668.616167 1620.630716 5.028107 0.333333 27.341088 
779.423374 961.879221 779.561581 919.367479 5.130014 0.333333 1.064435 
990.620668 761.077307 946.871958 761.314917 2.696843 0.333333 7.169473 
2744.417470 1432.474076 2705.603063 1431.606891 3.664992 0.166667 4.213797 
3280.265000 423.150443 3279.849340 396.847750 3.946732 0.333333 2.532359 
1673.741078 1720.683384 1672.615143 1684.352062 5.345480 0.333333 4.363000 
1718.105641 12.333406 1755.613778 11.416137 6.278692 0.333333 1.647813 
989.384395 755.637176 960.617380 755.851305 4.244603 0.166667 3.697136 
1546.863073 1201.407956 1666.883330 1200.574250 7.022615 0.333333 36.419074 
2366.882979 600.690549 2466.879301 600.084052 4.007697 0.333333 20.406937 
1134.862260 905.702960 1134.560901 893.090690 8.896799 0.166667 1.555206 
2623.127034 1032.421362 2553.120393 1032.219031 5.133649 0.333333 11.883101 
3139.295831 2025.843346 3106.833689 2025.195724 10.571461 0.333333 8.262381 
1609.373588 2012.659480 1748.125552 2012.545267 2.612152 0.333333 51.167211 
3279.509117 358.128514 3279.569440 334.365974 8.803917 0.166667 5.510199 
884.368064 53.934359 920.627710 53.785611 3.821758 0.333333 10.734656 
1731.875529 1158.777117 1639.374576 1158.852084 3.813822 0.333333 4.347174 
520.631152 1100.620414 520.446793 1150.628951 3.860570 0.333333 7.564270 
520.632509 1151.875030 520.494554 1186.884337 2.568920 0.333333 1.669267 
1684.416377 2017.835705 1624.336884 2016.944470 6.953862 0.333333 27.286531 
814.389529 800.824270 771.893799 801.250279 3.862584 0.333333 6.928256 
2371.871641 2031.928266 2446.880807 2032.121570 3.943266 0.333333 7.012211 
526.682721 1513.141387 526.469465 1478.104643 8.757446 0.333333 0.487235 
1598.124947 1370.913415 1669.374944 1370.926622 5.007646 0.333333 10.837376 
2704.377547 1431.989232 2650.623067 1432.089577 3.831662 0.333333 13.098695 
3271.415911 99.380625 3271.368904 126.880545 8.767081 0.333333 2.618968 
2022.550700 1011.867196 2022.384885 1050.627181 2.494607 0.333333 5.889774 
2569.372101 1432.546734 2456.868802 1432.061203 4.208504 0.333333 21.465882 
2525.634871 1031.625531 2490.613616 1031.971026 2.635459 0.333333 0.970093 
2551.881998 1032.020847 2526.870093 1032.146243 4.387471 0.333333 2.339541 
3270.212010 190.594525 3270.596830 216.948421 10.126688 0.333333 12.434036 
2638.125033 1581.683094 2700.625243 1581.693687 5.005297 0.333333 1.908590 
529.384487 2011.236654 491.855622 2010.678926 3.663249 0.333333 3.123825 
3271.462051 1251.837223 3271.257170 1274.414766 10.737964 0.333333 3.001425 
825.624877 53.760383 873.125360 53.769592 3.755089 0.333333 7.075133 
3268.844312 946.840312 3269.127702 973.141133 7.701583 0.333333 7.092488 
2423.116358 1035.319212 2465.635391 1035.486667 3.257880 0.333333 0.896219 
2489.378628 1032.023404 2424.366983 1031.809288 3.819966 0.333333 14.983128 
1126.875824 2022.143036 1166.875446 2022.020094 2.611399 0.333333 3.643713 
3270.691822 1170.459763 3271.719147 1201.961612 10.524344 0.333333 5.801846 
559.375694 6.569546 459.373370 6.342366 5.176047 0.333333 24.167499 
1354.417573 6.062938 1338.083382 6.474917 3.249082 0.166667 0.181591 
1611.873028 1161.589457 1681.877847 1161.732601 3.875234 0.333333 27.228949 
1668.117816 12.267799 1718.117234 12.097329 5.157657 0.333333 4.627417 
779.650844 919.389013 778.805384 860.615213 5.377049 0.333333 6.745880 
1834.372583 2012.753131 1871.879123 2012.509339 3.368666 0.333333 1.386071 
529.378343 957.306922 389.370465 956.734871 5.413647 0.333333 18.128051 
430.622991 2010.968451 360.618074 2010.558937 4.122853 0.333333 14.000728 
439.328922 10.691951 476.884135 11.366091 2.076107 0.333333 8.139723 
1547.409043 1442.892130 1570.638676 1371.472877 3.837542 0.333333 11.364063 
776.909800 1231.876361 776.859498 1279.374984 3.796330 0.333333 0.960360 
2420.629617 1032.392818 2375.615643 1032.108983 3.781427 0.333333 4.922642 
1699.365757 1162.089855 1731.872350 1162.294975 2.602462 0.333333 0.531458 
2279.371248 1035.028214 2319.377108 1035.258014 2.665101 0.333333 0.141088 
356.873489 1563.730383 406.876297 1563.855183 3.224822 0.333333 0.007527 
2616.876595 1432.197617 2570.626642 1432.244515 3.785489 0.333333 6.600619 
1945.621274 6.542453 1899.366960 6.354581 5.162426 0.333333 1.345377 
945.624935 2021.905029 1000.627379 2022.023864 2.613419 0.333333 9.874075 
2264.374239 1032.379956 2191.872519 1032.270635 3.849890 0.333333 8.598192 
537.454918 1053.124415 537.390630 989.374480 3.184244 0.333333 4.435683 
1570.604769 1370.902536 1596.899822 1371.250795 2.698098 0.333333 1.419120 
2331.875553 2028.982687 2289.375638 2028.922729 3.163793 0.333333 6.279589 
1668.058115 1398.128112 1667.933160 1445.631072 2.624934 0.333333 0.894510 
2295.611858 2031.832836 2349.382694 2032.417903 4.334584 0.333333 0.367611 
2353.115816 1436.060386 2398.124188 1435.552954 2.584313 0.333333 1.692668 
2170.617812 2030.913485 2218.181718 2032.098544 2.280897 0.333333 0.089017 
316.873580 10.005408 359.378995 10.101136 1.959445 0.333333 0.089017 
2484.375994 597.502879 2408.124206 597.623622 3.210107 0.333333 16.121546 
2064.371784 562.466285 2114.377961 562.382021 3.192397 0.333333 8.516357 
1655.628104 1362.661942 1628.123601 1362.770428 3.139762 0.333333 0.696207 
388.133402 956.881818 343.127010 956.577649 3.918870 0.333333 0.742617 
2568.125581 597.492655 2504.375198 597.512496 3.139783 0.333333 0.169205 
