335.415807 2023.912884 153.152954 1975.519717 6.253353 0.333333 91.209209 
543.430465 1311.037043 575.429091 1190.241979 6.369682 0.333333 54.298024 
595.438840 1113.995207 608.777551 1063.555878 6.622082 0.333333 21.599701 
1840.283499 2438.149708 1553.289117 2361.262408 6.075462 0.333333 195.513020 
2037.016959 2491.350855 1840.616151 2438.157671 5.605302 0.333333 123.687707 
773.466867 2141.883863 676.323788 2115.126159 6.097685 0.333333 50.602594 
164.101646 1373.393107 178.004451 1322.748759 5.719869 0.333333 30.489835 
241.682175 1061.240857 216.742168 1154.673207 7.082700 0.333333 53.032036 
298.959749 846.429790 271.923280 947.556290 6.096894 0.333333 67.392268 
676.081031 2115.174668 335.752843 2023.898330 5.842694 0.333333 226.323303 
870.845265 2168.574950 774.861212 2142.149250 5.747462 0.333333 59.004250 
913.388243 1713.402822 656.352747 1643.803725 6.087850 0.333333 154.554603 
1575.280000 275.715900 1448.724211 243.154402 5.429930 0.333333 81.455403 
221.559232 1159.622170 248.084502 1059.364285 6.258963 0.333333 57.339233 
490.610069 1506.190675 543.545739 1311.649354 6.883905 0.333333 120.291790 
662.492234 487.032053 688.659323 384.192898 7.246853 0.333333 58.864390 
1315.656101 209.249921 1275.350756 199.227923 5.501300 0.333333 20.167314 
1725.611488 575.674610 1495.647412 513.042709 6.589327 0.333333 135.481890 
1781.662554 337.623708 1804.783784 344.184351 4.073625 0.166667 0.214174 
360.422596 643.069443 368.605751 613.256960 6.806886 0.333333 3.311250 
2045.607327 1482.537638 2055.160310 1446.750954 8.781359 0.333333 6.331136 
28.372405 1879.441361 33.086939 1861.864791 5.153130 0.083333 3.591495 
83.970745 1671.189247 95.026066 1630.127203 7.474217 0.333333 16.017654 
1761.729729 326.161617 1580.244532 277.030405 6.212854 0.333333 107.597425 
94.964351 1629.781944 115.280402 1553.616246 8.133493 0.333333 36.793975 
1031.150683 394.925902 973.686576 379.427500 5.708877 0.333333 32.410220 
1153.542900 169.073756 895.256671 99.492233 6.326215 0.333333 158.319508 
656.079070 1643.938026 464.258665 1592.307210 5.804981 0.333333 130.274433 
72.239090 1715.723098 84.159636 1671.480181 6.453810 0.333333 15.806815 
1617.566171 1712.356144 1801.666505 1638.852793 6.471675 0.333333 81.972496 
351.436647 653.005615 326.257723 745.456886 6.815233 0.333333 56.569201 
432.023926 351.913723 405.544144 453.754009 7.210970 0.333333 72.890402 
807.273853 595.400863 683.990910 562.044574 6.359540 0.333333 70.446998 
617.350613 1009.832084 589.476509 1115.064094 6.081235 0.333333 65.365508 
291.347420 895.483348 318.866626 792.988505 7.914870 0.333333 57.599359 
486.521358 1500.188921 460.487154 1595.927428 5.364414 0.333333 60.853409 
254.255115 1012.776062 245.871808 1045.687867 6.033732 0.333333 8.526261 
628.682271 30.733798 579.805125 17.755163 6.811934 0.333333 13.677305 
290.366304 2016.578149 365.908315 2037.081142 6.548389 0.333333 33.694219 
706.200234 55.984002 852.627188 95.325389 6.270100 0.333333 83.895315 
128.236933 1504.948923 139.277429 1465.951260 7.353698 0.333333 17.367462 
384.004328 557.111195 425.865223 401.268003 7.333107 0.333333 102.465869 
1396.056447 487.735678 1305.117869 463.801891 5.470984 0.333333 51.925705 
82.247041 1650.728890 77.352086 1668.258223 4.911863 0.166667 4.265733 
326.432424 745.846354 298.924238 846.186796 6.609824 0.333333 47.234473 
1900.303449 370.571049 2013.368832 400.968037 6.138803 0.333333 52.350084 
152.814425 1975.535533 10.472994 1937.443006 5.936010 0.333333 53.021160 
120.026957 1970.706761 256.378376 2007.467078 5.933140 0.333333 87.741606 
1179.657405 180.782951 1288.862396 209.023526 7.887049 0.333333 68.184959 
1369.774628 222.961825 1346.322214 216.329773 5.190238 0.333333 14.755432 
1427.951063 2332.522893 1756.824189 2420.814263 6.828431 0.333333 203.577157 
895.120313 99.080264 847.350797 86.340880 5.957695 0.333333 7.878579 
523.818374 9.225404 515.625216 39.711002 3.898065 0.333333 8.053739 
1030.977071 2211.822359 871.384818 2168.688645 6.587559 0.333333 75.655732 
904.178863 366.370846 1007.427899 393.522504 7.069459 0.333333 65.215140 
1757.156462 2420.822503 1995.027587 2484.434718 6.206146 0.333333 186.849266 
257.991855 999.023357 254.556585 1012.535580 4.827826 0.166667 1.708852 
1275.944904 199.332173 1153.821155 169.113253 7.116581 0.333333 56.978273 
2054.155557 1449.912468 2069.136835 1392.735080 8.173737 0.333333 13.284344 
367.600838 596.257797 361.613390 613.468845 5.799928 0.166667 0.462180 
526.031603 7.857100 706.393872 56.171112 5.950836 0.333333 102.362757 
1383.163205 1619.024038 1375.805844 1644.427376 4.964870 0.166667 0.486428 
2219.401085 2179.354745 2068.046018 1984.436330 5.479618 0.333333 99.500267 
644.506757 553.160777 662.376434 487.350573 6.302770 0.333333 27.865459 
717.249934 54.181785 636.832143 33.289968 7.116892 0.333333 33.173510 
701.350929 309.557431 675.858213 410.997743 6.385204 0.333333 56.740680 
1040.357545 1747.852676 944.972807 1721.759081 6.629851 0.333333 47.418519 
1495.304771 513.124490 1396.628933 487.835121 5.372764 0.333333 72.481058 
944.649373 1722.218249 912.902039 1712.611842 4.675359 0.333333 11.748007 
2013.794152 400.746155 2087.349865 421.436846 5.903126 0.333333 36.365337 
1124.673445 2237.023240 1031.556774 2211.799786 6.185102 0.333333 37.376363 
42.915991 1825.865248 46.455598 1810.528207 4.746321 0.166667 1.235051 
972.799138 379.330343 844.850541 344.739674 6.692807 0.333333 75.982927 
271.598876 948.053238 261.532610 986.786016 5.638914 0.333333 7.201958 
517.157533 1390.153756 486.428602 1499.949748 6.597897 0.333333 67.217672 
962.954329 123.771991 1155.878541 174.663861 7.987692 0.333333 113.842018 
1810.251370 345.812916 1834.020544 351.989124 6.268239 0.166667 4.262215 
115.632332 1553.126935 128.248517 1505.327675 7.283091 0.333333 14.514807 
2072.472268 1378.306716 2078.677059 1357.912655 4.783506 0.333333 7.410209 
705.408873 313.950198 903.961682 365.953095 7.600418 0.333333 109.054411 
1184.696797 434.265107 1031.355072 395.163988 7.231968 0.333333 82.380915 
177.771458 1322.453922 204.718396 1222.543341 6.550183 0.333333 53.973311 
1809.387936 1635.656319 1834.272874 1625.377748 4.780685 0.166667 2.981095 
1849.810054 356.556510 1899.974382 370.470656 7.235954 0.333333 17.912429 
2649.373965 581.878990 2676.095801 588.809826 5.376814 0.333333 2.765632 
455.538729 261.853279 445.471801 301.836428 5.450447 0.333333 19.757368 
2078.153852 1358.465604 2114.211435 1223.081437 6.561049 0.333333 61.208486 
676.655553 411.485770 638.907548 553.994488 7.944164 0.333333 82.730056 
1821.231154 342.932089 1762.006426 326.404063 6.803921 0.333333 31.514062 
754.020450 2141.865522 776.802995 2148.376935 5.461052 0.333333 2.877131 
847.016925 86.368727 820.080444 78.817530 5.589925 0.333333 1.977835 
204.965355 1221.703858 218.211693 1170.647492 6.186847 0.333333 21.475145 
1207.129446 1793.411521 1180.122136 1786.279132 4.902380 0.333333 3.473702 
2100.003795 2508.358473 2038.817700 2491.383820 5.571454 0.333333 16.814198 
1504.380042 2346.857689 1451.958272 2331.589100 8.004728 0.333333 30.821275 
1179.652504 1785.850396 1040.607037 1748.191323 5.957126 0.333333 79.221216 
1356.268567 2313.247705 1412.145855 2328.374478 6.032846 0.333333 31.860045 
482.926823 159.653210 455.953409 261.631237 6.510417 0.333333 35.068579 
2204.709591 1838.454898 2062.606837 1982.579041 6.421723 0.333333 129.670516 
1335.456025 1797.707896 1326.444219 1828.365807 5.149569 0.333333 7.676914 
777.291964 592.799031 829.139113 606.516563 7.602810 0.333333 18.173812 
2171.682129 2527.584872 2109.683395 2510.739933 5.626222 0.333333 17.101759 
1997.033201 1168.761409 1959.453066 1159.072215 5.191641 0.333333 3.507487 
846.107970 345.046287 791.542163 330.635253 5.723621 0.333333 17.978797 
1996.727229 2484.925858 2103.664833 2513.612627 6.184106 0.333333 69.766257 
31.007865 1946.709780 119.692352 1970.701941 5.578469 0.333333 29.953252 
899.521250 107.573135 914.155974 111.451483 4.265290 0.166667 1.593464 
137.003188 1449.024671 131.357314 1467.103693 7.757634 0.166667 2.015933 
256.745486 2007.332011 289.780562 2016.693905 6.514655 0.333333 5.701241 
466.196490 1591.131613 489.845435 1506.103506 7.583641 0.333333 38.539250 
575.640005 1189.701741 595.578404 1112.508696 6.845756 0.333333 32.379011 
891.748225 622.363740 992.127560 648.401338 5.554109 0.333333 31.256671 
1007.639319 393.722738 1172.732622 437.117775 7.605379 0.333333 106.553938 
1289.097547 209.247082 1312.048792 214.922148 8.467643 0.166667 2.274916 
819.664146 79.456824 717.262300 54.110384 8.241505 0.333333 46.772206 
47.539706 1807.089670 52.280666 1792.409705 6.331685 0.166667 1.443523 
589.713839 1115.387278 532.534914 1334.547172 7.517319 0.333333 121.312150 
216.688087 1154.326790 205.405971 1198.068507 8.160521 0.333333 16.158396 
2200.180465 447.164338 2178.746048 440.974434 7.257161 0.166667 1.571341 
2336.825783 1704.288734 2307.264543 1734.791091 5.690382 0.333333 19.455684 
975.390526 640.252966 936.415862 629.844199 6.188810 0.333333 0.194459 
2005.138233 393.652790 1896.331236 363.860959 8.482224 0.333333 60.802024 
2926.699254 1662.177617 2935.916600 1629.457144 4.107051 0.333333 4.279354 
1319.567399 1823.645293 1294.035306 1816.913349 3.849769 0.166667 3.309734 
68.492926 1700.715442 60.460561 1733.391848 7.540934 0.333333 14.804317 
1076.464456 670.909588 1144.449267 689.097394 4.814546 0.333333 14.457312 
1238.227141 1801.494280 1207.738738 1793.314755 5.477026 0.333333 4.369470 
503.571472 84.123948 498.634705 99.924797 4.399711 0.166667 5.818064 
1713.274107 622.824353 1703.598404 658.254284 2.105452 0.166667 2.687772 
2078.244960 413.943869 2005.466739 393.693786 8.104792 0.333333 28.297737 
1553.087074 2360.758692 1504.686131 2347.028240 7.053277 0.333333 33.037056 
247.694740 1060.511229 291.250730 895.790458 7.622626 0.333333 100.980686 
31.713702 1839.694949 26.780888 1856.479990 4.979584 0.166667 3.606979 
1436.987256 240.203364 1411.777411 233.491548 5.067060 0.333333 10.246795 
2496.508003 1749.572244 2546.184320 1762.169338 6.724860 0.333333 3.609070 
1834.642647 1625.065601 1854.558027 1617.347259 4.137895 0.333333 0.186670 
411.320790 2049.069787 454.833969 2060.057385 6.390181 0.333333 18.563814 
141.365814 1456.378346 157.977323 1397.539108 6.906821 0.333333 25.664602 
531.783115 1334.684791 517.051608 1389.756612 7.737297 0.333333 19.842813 
661.467824 2115.806856 689.212461 2123.696579 6.022976 0.166667 2.578336 
1451.574554 2331.708167 1421.786095 2323.445518 9.161480 0.333333 4.907727 
58.582030 1737.924095 45.995654 1787.602303 7.237735 0.333333 11.637496 
517.241631 1611.758195 547.730292 1619.936462 7.596254 0.333333 3.239335 
608.234268 1063.818189 622.643619 1009.579194 7.511990 0.333333 19.355088 
1448.659802 241.864314 1437.388685 239.463450 3.327808 0.166667 0.626550 
2070.729420 1994.023806 2157.750968 2104.937728 5.492458 0.333333 64.526064 
911.504645 623.253009 807.537561 595.310732 6.254908 0.333333 40.592369 
2157.987281 2105.056780 2217.489720 2182.363968 4.874795 0.333333 26.165819 
499.421842 99.053385 487.673363 143.004273 5.164844 0.333333 12.038761 
368.827982 612.977774 383.789034 557.390150 7.149848 0.333333 24.327459 
157.941551 1397.134875 163.607009 1373.883298 8.112952 0.166667 2.013165 
445.432854 301.176971 432.340428 351.671573 8.737923 0.333333 20.406279 
459.554674 1596.173993 491.554410 1604.375797 7.295712 0.333333 1.848147 
2220.952002 452.047902 2203.538987 446.761387 5.872649 0.166667 1.845878 
441.583831 341.476581 467.225601 242.288783 8.059183 0.333333 61.122203 
579.762022 17.635347 524.102903 2.902987 6.219779 0.333333 15.621262 
860.993600 96.879215 875.466303 101.161362 3.847820 0.166667 0.201001 
1412.557402 2328.280925 1427.391878 2332.599503 5.145673 0.333333 3.028188 
2268.874725 1780.148752 2334.689463 1713.417987 7.144200 0.333333 47.459461 
339.353341 719.022370 350.545844 678.659802 6.498660 0.333333 22.652170 
688.832100 383.925214 706.519814 313.036376 8.191825 0.333333 41.094368 
2313.519860 486.757533 2347.825187 496.663302 5.657907 0.333333 1.198761 
2701.503597 595.612186 2717.328918 600.362946 4.072452 0.166667 2.330885 
362.045710 614.091488 351.878256 652.797500 7.560602 0.333333 17.632390 
425.687572 400.977964 441.600811 341.801268 7.851283 0.333333 29.420494 
2114.232495 1936.723006 2188.913785 1861.396317 7.040580 0.333333 52.071160 
36.354743 1850.823275 42.965674 1826.492078 5.598852 0.166667 15.334320 
98.697831 1589.192511 84.492063 1641.906547 7.053490 0.333333 32.238729 
349.932212 679.538178 360.499267 643.454238 7.549017 0.333333 8.710609 
366.232211 2037.050115 411.109214 2048.771045 6.732987 0.333333 7.730049 
636.385051 554.894823 691.648371 570.193642 7.949573 0.333333 25.395887 
752.901887 320.195150 726.030328 312.885036 5.933626 0.333333 0.025051 
1334.809748 213.914142 1316.282619 209.206187 7.596762 0.166667 0.910836 
66.352402 1736.739907 71.668402 1716.175337 7.071948 0.333333 1.602449 
55.155897 1778.581040 62.893011 1749.647224 7.034831 0.333333 4.855551 
165.658954 1342.473752 154.124998 1386.148763 8.689727 0.333333 16.211842 
2208.330899 1840.840133 2268.217212 1780.711809 7.038971 0.333333 40.566611 
148.234438 1405.654357 142.810034 1425.875823 4.743899 0.333333 1.560780 
1350.337662 1741.794664 1335.130568 1796.185733 6.355746 0.333333 14.139110 
2308.342075 1733.327680 2203.856170 1838.848995 6.565476 0.333333 76.964724 
1655.094630 562.496161 1686.471177 571.389662 8.096597 0.333333 0.487183 
2046.628119 1456.135803 2029.654745 1519.209421 8.260955 0.333333 26.455639 
18.784272 1886.716042 13.971182 1904.602698 3.908438 0.166667 2.475135 
45.871844 1786.937448 40.890930 1806.626045 7.553796 0.333333 1.118543 
923.137205 113.079257 950.989088 120.510400 7.246505 0.333333 5.378366 
323.973071 775.514282 339.841375 717.909137 7.389754 0.333333 31.544924 
992.403906 648.654664 1044.505081 662.640408 5.274144 0.333333 6.951420 
2037.227557 1511.990770 2043.642465 1492.455389 6.167905 0.166667 1.470973 
2338.258949 2572.653430 2304.899868 2563.177848 4.304420 0.166667 5.866399 
19.267811 1913.464566 27.587316 1885.465237 4.272374 0.333333 3.508986 
782.584475 327.734867 753.230138 320.214608 4.843577 0.333333 5.277711 
1393.043954 1581.269953 1383.066107 1618.692735 5.879150 0.166667 0.979351 
1697.246821 1415.727863 1675.000158 1496.143753 5.821653 0.333333 27.819063 
1810.986144 1119.398565 1791.361247 1113.619691 4.303466 0.166667 3.475410 
1883.858801 360.070872 1847.203925 350.347099 8.185652 0.333333 12.722346 
2067.258259 1984.752783 2116.878040 1934.413718 7.134486 0.333333 33.692137 
2469.548036 531.258360 2521.792560 545.918787 7.350043 0.333333 28.210615 
1321.322201 2293.796294 1229.251167 2267.305391 7.270648 0.333333 48.208582 
1710.714887 317.831557 1737.956200 326.176063 4.929344 0.333333 3.093262 
2087.886042 421.463253 2198.846421 453.094284 7.522613 0.333333 75.411880 
245.793996 1046.003864 241.744042 1061.172549 4.624283 0.333333 0.271952 
875.833700 101.109038 894.873159 106.296677 5.261130 0.166667 3.309734 
1371.252861 1662.035370 1365.551597 1684.356251 6.134398 0.333333 0.220744 
319.051214 792.709791 323.547500 775.667326 5.389610 0.333333 1.481981 
512.741514 49.620528 503.145952 83.485125 4.951153 0.333333 5.643525 
1286.997792 1827.678865 1324.095768 1837.889523 4.699086 0.166667 7.299305 
2165.412341 2530.169436 2237.748181 2549.532693 5.829687 0.333333 24.585076 
381.653583 543.957148 370.866254 581.943511 8.075710 0.333333 6.684758 
1419.639073 2322.321225 1399.363543 2315.659871 5.106218 0.166667 2.052209 
2560.203763 557.187783 2616.190100 572.278486 7.661215 0.333333 17.776152 
2732.003358 603.901825 2811.040791 625.342238 5.050224 0.333333 32.599185 
101.820743 1576.862002 99.000557 1588.634205 5.084841 0.166667 1.593464 
1251.239121 458.424448 1271.877857 463.112422 5.921210 0.333333 1.669084 
2100.692790 1253.476050 2050.429822 1442.155997 8.653239 0.333333 118.348398 
2499.069652 559.249966 2537.156517 569.587834 3.515653 0.333333 3.276225 
2521.502774 546.185230 2560.083071 556.801919 7.352608 0.333333 13.478076 
2676.646636 588.824394 2692.414454 593.972851 4.365059 0.166667 1.797884 
2918.678643 1694.510908 2926.558530 1662.411013 5.131888 0.333333 5.404196 
647.878122 1646.405124 662.950926 1651.175067 5.521276 0.166667 0.691627 
205.174198 1198.340213 182.625018 1282.076970 9.188694 0.333333 37.202066 
1365.344931 1683.969301 1350.260372 1740.859757 6.169407 0.333333 16.646631 
483.166987 2067.951509 502.631961 2072.662256 4.199637 0.166667 3.475410 
2855.074962 638.041117 2883.384331 644.485852 2.940682 0.333333 4.872304 
405.873285 454.097641 381.091467 543.600262 8.805052 0.333333 50.165318 
1304.840289 463.893670 1276.059632 456.158965 6.322590 0.333333 6.383036 
1321.616879 2304.252607 1334.582056 2307.220470 5.710704 0.166667 0.193072 
2683.244298 1833.195976 2685.454741 1790.551382 4.410945 0.333333 7.900526 
2142.144277 430.888897 2109.358345 421.935990 7.675663 0.333333 2.084430 
2129.353700 2520.710044 2161.702921 2528.812066 5.151675 0.333333 7.116828 
2616.541545 573.171514 2637.980828 578.685559 2.653764 0.166667 0.166325 
1135.561796 683.351604 1103.143280 674.309463 3.833412 0.166667 2.396928 
131.286795 1468.595943 126.570427 1487.742053 5.714831 0.333333 5.439433 
2117.113018 1200.993475 2071.710447 1188.734437 6.190976 0.333333 2.957910 
2214.703282 2539.455101 2172.053920 2527.487382 4.814060 0.333333 3.600118 
1624.143301 1684.680901 1616.737522 1709.333701 3.031867 0.333333 1.648439 
522.943736 2078.836172 540.572875 2083.329506 4.197482 0.333333 0.598272 
741.602953 1671.138850 757.638541 1675.984746 3.580976 0.166667 0.166325 
2240.952421 2545.659960 2215.132614 2538.702218 3.021468 0.333333 1.500905 
2296.754419 2564.824269 2371.722011 2584.945020 5.388320 0.333333 11.766604 
2447.984693 524.840956 2469.193638 531.227299 5.151069 0.333333 1.944483 
1411.590365 233.046792 1370.058206 222.958389 6.575256 0.333333 11.424574 
1909.454463 1145.303541 1879.434851 1137.882878 5.426586 0.166667 4.657432 
1228.946651 2267.170616 1205.603818 2260.701433 6.180654 0.333333 0.855161 
1181.986271 2266.464154 1235.217167 2280.880847 5.404265 0.333333 11.453632 
1868.320931 1134.935138 1823.894355 1122.317323 4.987680 0.333333 7.121970 
494.545069 138.449026 511.703920 72.110785 8.848365 0.333333 20.864070 
2105.681849 2514.160265 2128.563674 2520.218003 3.734077 0.333333 0.186670 
2410.576020 1714.554703 2348.804486 1697.718157 6.905124 0.333333 12.055083 
2397.091412 2284.430138 2406.074793 2249.171121 4.914728 0.333333 0.823549 
126.740184 1486.835699 118.190116 1516.165188 7.997461 0.333333 6.432355 
2498.869313 556.285095 2444.379201 541.859132 4.087555 0.333333 13.454093 
1695.422545 689.320087 1684.775796 728.572756 4.908334 0.166667 2.782247 
1950.546673 1155.975240 1930.434373 1151.477394 4.606662 0.166667 2.137219 
2291.736950 2558.716756 2260.440549 2551.415655 3.115498 0.166667 1.030241 
182.255559 1282.317678 165.594223 1343.687922 9.252337 0.333333 30.118407 
2395.614480 531.914158 2498.418155 559.533844 4.666290 0.333333 23.772998 
1044.580290 663.576997 1076.001792 671.660337 2.480248 0.166667 1.498042 
1653.440484 1692.641651 1625.523998 1704.129558 5.984338 0.333333 4.999442 
1156.161921 174.647945 1179.461720 180.265303 6.075914 0.333333 8.478633 
76.686294 1668.315629 74.037143 1683.064314 5.419456 0.166667 0.997041 
1275.217383 456.100579 1246.029160 449.205722 8.295323 0.333333 2.473150 
1711.512600 1361.203384 1696.878652 1415.287768 5.380095 0.333333 6.114683 
38.145277 1815.267693 31.057556 1839.661087 6.780748 0.166667 2.608457 
116.055607 1524.828673 102.795854 1573.948716 8.062488 0.333333 25.964589 
758.063403 1052.107675 808.499657 1065.459769 3.980082 0.333333 3.372619 
1678.289799 753.172191 1668.930772 785.855735 4.992293 0.166667 0.209678 
568.420187 1625.732408 594.541430 1632.480791 8.431429 0.333333 0.262805 
1265.976940 1809.271774 1238.953995 1802.243785 6.580529 0.333333 0.417017 
1846.948284 350.086123 1821.481032 343.368596 8.208393 0.333333 3.600118 
683.678525 562.387985 645.970789 551.883704 6.080965 0.333333 22.379801 
1055.884299 662.228027 1025.196645 653.356777 3.782016 0.333333 0.868793 
2822.099196 628.505080 2854.689601 636.904292 3.554409 0.166667 2.905236 
475.384789 211.487644 488.879616 159.571150 8.564723 0.333333 21.064219 
692.074279 569.887801 761.495765 588.653752 8.966989 0.333333 31.054480 
2223.570353 486.321243 2262.421004 495.913589 2.129763 0.333333 2.858497 
949.149483 1100.219275 882.093313 1082.307695 5.070552 0.333333 8.473812 
2032.300887 1177.706655 2009.080401 1171.779047 4.445511 0.333333 1.796570 
935.582617 629.523302 914.946357 623.625750 2.761089 0.333333 0.081527 
1198.371126 443.533235 1212.189727 447.573690 7.107322 0.166667 0.243619 
2198.444461 469.473853 2132.939033 451.295117 4.748785 0.333333 6.670127 
1173.019700 437.303408 1198.913288 443.667889 6.984858 0.333333 6.893778 
1375.727094 2308.992521 1342.274043 2300.062967 7.727483 0.333333 2.376027 
1680.342206 716.804164 1686.529833 692.101648 2.653881 0.333333 0.994865 
1211.455186 447.188738 1251.669350 457.984971 8.361569 0.333333 13.926333 
853.621578 612.421781 891.511507 622.054750 5.646683 0.333333 7.103681 
2935.423053 1628.949485 2944.787524 1596.995896 4.144212 0.333333 3.276225 
1231.888864 1813.072732 1278.816014 1825.519779 4.884527 0.166667 6.108840 
1227.118238 444.632658 1185.003774 434.309777 6.760367 0.333333 9.297912 
143.052057 1426.137678 136.570878 1448.754267 8.074264 0.333333 0.302784 
1661.455615 785.842210 1670.276563 752.110764 3.862915 0.333333 8.246108 
2210.562325 457.078577 2232.433185 463.811939 5.276395 0.166667 2.310808 
2285.528830 502.226344 2328.249566 513.919917 3.484567 0.333333 4.321706 
1406.159231 1531.676430 1396.983395 1564.751848 4.825754 0.333333 1.558669 
1420.542022 1222.193726 1387.666831 1213.634857 3.633895 0.333333 0.684598 
27.010264 1856.206875 21.572467 1880.834204 6.186746 0.333333 2.862737 
625.501995 1016.084353 670.614412 1028.164539 4.051738 0.333333 7.275374 
1426.200107 502.453798 1456.393325 509.072355 10.387495 0.333333 0.960695 
2328.558154 513.980341 2374.578895 526.100824 5.476705 0.333333 2.084430 
2426.836328 2158.444503 2388.866205 2302.400205 4.768115 0.333333 35.598235 
853.314752 1077.426563 957.207211 1105.652202 4.574232 0.333333 16.619306 
1600.920299 287.049095 1624.282703 293.461279 3.784565 0.166667 3.096972 
2071.501010 1188.339531 2032.426269 1178.361204 5.411115 0.333333 0.690001 
154.264990 1386.398316 148.180799 1405.201966 9.024971 0.333333 2.108311 
2394.661848 509.699780 2414.322251 515.795140 4.695472 0.333333 0.707113 
670.899652 1028.337373 719.549781 1041.214680 3.838202 0.333333 0.256697 
1669.128393 786.255658 1658.941618 822.653872 4.235778 0.166667 0.227511 
679.516190 1027.601951 621.832857 1012.031121 4.901320 0.333333 6.530024 
1647.054723 839.422099 1656.973581 801.573253 5.353723 0.333333 0.072131 
2368.143802 503.049788 2394.320363 509.593560 5.685417 0.166667 4.175514 
1660.057860 1550.794485 1653.338333 1577.867701 3.975656 0.333333 0.475072 
1498.976415 1243.359975 1418.179211 1221.673030 4.829070 0.333333 14.085154 
1655.612910 302.085788 1669.811884 307.052162 5.759353 0.166667 2.950630 
861.162707 1076.083917 835.321697 1069.276310 2.948159 0.166667 1.360689 
1698.447802 1673.815513 1676.146663 1684.240899 5.977979 0.333333 1.993756 
2933.890342 1617.428099 2914.943024 1686.467001 8.084408 0.333333 17.584805 
512.097601 71.601011 528.571507 9.827428 8.052113 0.333333 23.311189 
1334.937125 2307.331786 1346.877274 2310.616735 5.573434 0.166667 4.402758 
1345.993531 1779.783226 1353.038067 1751.853074 7.926704 0.333333 0.618718 
72.626166 1682.932036 68.138258 1700.034511 4.235180 0.166667 0.044208 
1272.074587 463.547883 1290.647987 468.029738 6.592294 0.333333 0.120893 
1724.965329 582.940954 1713.941993 622.451683 4.759451 0.333333 2.449040 
2250.857900 468.646602 2272.721392 475.637291 5.121495 0.166667 1.719347 
834.695465 1069.415256 790.720088 1057.766044 3.841060 0.333333 2.195701 
1668.575659 1521.107091 1660.239127 1550.515615 4.753862 0.166667 6.226681 
2055.920467 430.742083 2023.048335 422.168958 2.233640 0.333333 0.598272 
2372.131852 2584.701620 2402.559169 2593.165417 2.769845 0.333333 1.884494 
2421.609301 2597.845777 2489.815989 2616.513773 4.949780 0.333333 10.112108 
1356.142666 1740.764588 1366.730562 1701.498992 7.973987 0.333333 13.190942 
1414.371807 1503.511465 1406.181493 1529.934947 4.775836 0.166667 2.279386 
994.298021 2215.930937 1030.460186 2225.030016 2.378796 0.166667 0.243422 
2291.610524 495.335210 2247.425379 483.165055 2.589599 0.166667 1.719347 
1676.455374 732.143649 1681.203787 717.466663 3.507225 0.166667 0.166184 
2530.830042 564.891350 2505.697071 557.867127 4.620979 0.166667 0.428383 
1719.760921 614.475262 1728.302831 581.596451 2.839732 0.333333 0.281557 
747.188161 1045.686653 700.861306 1033.478293 3.826000 0.333333 4.027738 
2510.364687 1741.605281 2474.642100 1732.119163 4.677238 0.333333 3.874399 
2126.058997 448.965474 2091.715716 439.984073 2.701775 0.166667 4.547464 
761.684874 589.127873 776.850727 592.003037 6.574895 0.333333 1.245012 
2491.849925 2613.215399 2461.739525 2604.863411 4.017954 0.166667 2.755914 
2460.754238 2605.164812 2431.828289 2597.041326 2.452357 0.333333 1.648439 
1202.074333 704.902731 1243.810318 716.421088 3.820267 0.166667 4.977392 
2789.226046 639.939024 2849.634510 655.892347 4.127800 0.333333 3.098533 
1747.874964 1238.394875 1759.499866 1195.321343 2.925879 0.333333 2.086725 
2910.855124 669.796330 2869.013484 658.176810 3.545714 0.166667 2.749090 
2834.452711 649.088064 2806.624135 641.551288 1.719405 0.166667 0.210666 
2758.548960 629.040961 2707.832723 615.467035 2.660254 0.333333 5.727941 
2619.409298 2651.744110 2650.796944 2659.968817 2.493962 0.166667 0.844150 
2701.776691 617.289647 2734.511156 625.050725 1.936618 0.333333 0.527614 
2806.315460 641.553344 2759.044639 629.411129 3.106828 0.333333 0.004185 
2755.845463 631.043473 2788.378479 639.668942 3.027620 0.166667 1.443523 
2873.071194 662.073784 2915.822439 673.645574 3.492738 0.166667 5.402133 
