4278.503935 2796.116181 4310.887885 2765.819866 6.241879 0.333333 10.838330 
2309.609748 3614.141684 2229.551658 3534.196330 6.187806 0.333333 38.273613 
1007.059538 403.321581 1062.304218 348.536834 7.292687 0.333333 48.469359 
3734.470732 3330.699430 3705.437232 3359.206836 8.027348 0.333333 11.461658 
1029.521330 373.257178 967.859594 434.138248 6.271520 0.333333 52.659474 
3319.332847 2123.091528 3370.973909 2177.942827 7.227654 0.333333 37.673498 
912.627393 2271.063796 930.808679 2287.926963 5.365997 0.166667 5.674579 
3717.038561 2927.079360 3736.694231 2907.975092 6.400298 0.166667 6.010242 
152.842939 1242.839812 57.282370 1338.535321 7.081044 0.333333 96.093300 
1163.472127 239.719731 1137.309026 266.064658 6.282029 0.333333 11.131428 
3451.147503 3622.412136 3504.711027 3568.449291 5.526471 0.333333 58.630502 
603.625769 1292.338375 585.648000 1309.461535 7.197410 0.333333 4.340906 
971.665308 2324.529817 1026.858900 2376.957886 6.298670 0.333333 41.823708 
1592.366365 2922.543227 1670.592852 2996.908817 6.755808 0.333333 54.063576 
1461.924421 804.303610 1549.870291 893.888772 6.472566 0.333333 54.560539 
1742.957639 3067.004372 1933.260461 3254.257690 6.191395 0.333333 138.795074 
597.471884 814.995182 626.066688 786.045978 6.268720 0.333333 11.811663 
575.038998 1942.446688 638.198314 2004.273158 6.365911 0.333333 34.740722 
3902.410881 2736.160294 3651.057275 2987.307630 6.309455 0.333333 199.393492 
681.679469 730.443933 752.588167 658.818523 7.106534 0.333333 45.794294 
1561.629123 549.606261 1591.853407 579.396907 5.558616 0.333333 7.815291 
720.879917 1183.433471 757.819057 1147.763687 8.185483 0.333333 20.844492 
3557.615105 2373.628141 3598.596539 2415.159707 4.719858 0.333333 37.263613 
3842.888652 2669.612208 3871.690749 2698.309921 2.349711 0.333333 1.225958 
807.254389 1089.649323 785.410618 1110.461928 8.537205 0.333333 7.391951 
1702.547700 692.477777 1776.072653 768.896960 6.783048 0.333333 55.611103 
968.010374 434.257179 787.635768 615.140661 7.399756 0.333333 124.935501 
2991.484618 3580.133751 2967.021991 3605.824729 7.588341 0.333333 6.069836 
1786.672266 779.574257 1867.234927 861.542683 6.683852 0.333333 60.728938 
3623.496587 3016.032191 3605.142284 3035.161849 5.911673 0.333333 1.095218 
1088.871334 2436.078821 1271.094257 2613.862817 5.910933 0.333333 142.436500 
1658.386010 647.849507 1702.454175 692.572612 7.070875 0.333333 21.252984 
1260.757010 594.159049 1319.668872 657.853192 7.388230 0.333333 36.466257 
679.417966 1224.449591 720.565986 1184.283969 7.537931 0.333333 25.219188 
2491.029421 3441.467254 2450.861198 3401.626583 5.469709 0.333333 14.968787 
368.374631 1040.883508 477.893315 930.384278 7.267954 0.333333 85.701580 
3604.607049 2421.602977 3634.043482 2452.242585 5.920467 0.333333 15.285523 
3875.478890 3187.979411 3858.007977 3205.512852 6.207700 0.333333 0.460007 
1335.928351 674.087536 1365.100525 704.872006 5.685989 0.333333 13.564633 
3857.610002 3205.129991 3826.365969 3237.635727 6.929764 0.333333 13.520912 
109.335241 1296.925716 136.142363 1271.069452 9.316082 0.333333 12.220902 
3892.726397 3170.200984 3877.938388 3185.443958 5.985637 0.333333 1.860241 
678.725314 2042.519687 744.728087 2109.034248 5.562693 0.333333 48.988996 
1137.938362 265.448638 1029.292916 373.054203 6.841472 0.333333 86.852944 
1271.184907 2615.086241 1411.391161 2751.123666 5.782839 0.333333 111.047418 
1751.908618 1103.028009 1775.104418 1127.498708 8.646618 0.333333 7.220043 
1890.587503 1251.896095 1909.479526 1270.535969 5.374438 0.166667 3.037801 
3785.328128 3279.068009 3768.767873 3295.082394 8.087121 0.333333 0.395443 
3633.288140 2444.246417 3614.742511 2425.235909 3.945526 0.333333 3.908790 
4015.443821 2417.053225 4083.634389 2486.373915 4.441060 0.333333 27.563568 
1999.559715 2969.168259 2051.216305 3020.043807 6.409188 0.333333 29.586365 
2406.225704 3357.544078 2385.478133 3337.010377 5.330705 0.166667 4.079709 
2999.819800 4072.344706 3020.419159 4052.837640 5.775811 0.333333 6.239018 
3043.799009 1411.203670 3077.481659 1445.020753 6.213577 0.333333 13.974296 
2388.568989 3697.672902 2513.451403 3820.315465 4.987089 0.333333 108.867394 
3013.151689 4051.897239 2945.524827 4119.279009 7.096730 0.333333 48.123903 
3090.568643 3983.069284 3452.355258 3621.105023 6.299782 0.333333 353.539786 
280.426892 1115.418368 260.503524 1135.504509 5.411135 0.333333 10.663216 
752.135300 659.663410 833.509633 577.254806 7.681299 0.333333 56.488908 
2240.191205 3551.028767 2388.149880 3696.867925 6.055572 0.333333 94.082590 
843.518183 567.265318 878.389723 532.137794 6.986980 0.333333 16.563928 
2781.501273 3454.736216 2814.238918 3487.013025 5.440997 0.333333 9.257093 
3504.232641 3569.232873 3570.477325 3502.977141 6.194333 0.333333 51.722579 
1628.973226 976.026509 1662.728676 1009.771448 6.187322 0.333333 19.412397 
2969.411257 3609.411313 3066.987374 3511.985617 6.234228 0.333333 71.372295 
2629.550932 3927.927643 2686.235989 3983.773612 5.527230 0.333333 41.260515 
2640.073844 3312.425030 2719.993237 3392.508026 4.463700 0.333333 61.709284 
3409.339853 3233.094335 3398.825391 3245.145473 5.223147 0.166667 0.338505 
1237.080939 528.329068 1376.989263 388.240723 6.268447 0.333333 181.871462 
2793.056528 4085.666588 2874.613711 4165.409300 6.535801 0.333333 45.838667 
3432.883201 2245.924188 3556.878767 2373.153096 5.939858 0.333333 86.226896 
878.381016 532.132040 1006.477763 403.976803 7.995099 0.333333 122.548126 
1131.509790 2470.996486 1088.629359 2428.840493 7.251523 0.333333 16.774456 
2046.902618 1183.163072 1983.427549 1247.185652 8.095316 0.333333 60.770159 
4151.152512 2924.902805 4194.915346 2881.164258 7.962066 0.333333 37.852755 
482.918818 925.458368 517.355435 892.278914 8.462935 0.333333 12.733164 
673.950293 1221.424862 637.902165 1257.920213 7.299789 0.333333 42.499220 
403.509956 1777.739405 437.872484 1812.127330 6.185551 0.333333 14.167933 
1376.654091 387.908891 1390.251414 374.009532 5.649187 0.166667 3.098736 
3641.948868 3431.985768 3654.285729 3419.249312 3.615975 0.083333 1.362041 
3965.173489 3097.668332 3893.526018 3169.781501 6.281639 0.333333 47.239810 
1907.022137 3221.735089 1892.057898 3206.693048 4.557293 0.166667 1.655921 
2199.455551 3164.271365 2258.876236 3224.888593 5.285417 0.333333 32.607244 
3398.588471 3252.332316 3573.669237 3074.895412 6.145694 0.333333 157.346049 
484.554665 1855.416318 519.277833 1889.448769 6.284541 0.333333 21.041126 
637.601921 2002.403875 679.695962 2044.036632 5.527222 0.333333 29.360356 
639.904367 1263.660435 676.366926 1227.611102 6.383524 0.333333 29.955914 
1343.972537 412.726737 1241.996369 514.499115 7.164775 0.333333 100.409715 
1528.938775 2862.288581 1577.116291 2909.161778 5.207309 0.333333 40.955374 
1712.630990 3038.496928 1738.460742 3062.844899 6.210579 0.333333 6.267028 
1934.553753 3254.181952 2080.284432 3398.468975 5.356032 0.333333 117.658588 
2268.341333 3234.152633 2289.896983 3255.123324 4.601352 0.333333 2.655959 
3599.285203 3048.064432 3654.948977 2991.159184 6.895185 0.333333 28.059465 
4311.226627 2764.977070 4343.739042 2732.488574 7.072368 0.333333 5.351321 
317.329235 1692.652742 402.780572 1777.209851 5.256737 0.333333 68.138811 
1553.567401 897.654849 1594.105411 939.635326 5.333388 0.333333 34.170558 
1592.850473 580.861156 1631.147571 620.147043 6.845211 0.333333 16.859843 
4054.188650 3009.181636 4038.893238 3023.922158 6.039192 0.166667 4.046859 
4082.306271 2981.110003 4054.380658 3008.170787 5.274845 0.333333 8.493981 
2383.193330 3686.818053 2350.526255 3654.462655 6.216770 0.333333 4.550879 
3581.919648 3491.919705 3641.333577 3432.581297 6.219224 0.333333 46.325001 
1282.976991 610.806213 1246.021573 572.702713 5.194536 0.333333 8.546187 
1364.894048 2697.570369 1348.081169 2681.836142 6.788417 0.333333 0.725986 
1406.191868 747.549738 1461.482436 803.528099 5.952136 0.333333 37.197521 
1594.051600 939.725600 1628.540931 975.257972 7.017624 0.333333 13.990161 
1670.818713 2997.899037 1711.936281 3038.118195 6.914438 0.333333 17.934938 
2584.109457 3883.396916 2629.011842 3927.246874 5.512536 0.333333 23.447550 
3653.280256 3420.779572 3719.550923 3354.550252 6.214490 0.333333 48.444677 
3660.852567 2984.663070 3708.985983 2935.213060 7.070424 0.333333 21.481274 
2935.443470 4136.726668 2975.752625 4096.986554 6.945228 0.333333 34.706051 
519.170816 1888.381160 574.494623 1941.795780 6.139681 0.333333 26.633877 
1221.225538 182.486534 1182.740648 220.279388 6.243061 0.333333 19.945220 
1631.654018 620.843717 1657.935584 647.067583 6.182324 0.333333 5.260216 
2118.871353 3436.084371 2165.203296 3479.821720 7.017233 0.333333 26.354530 
2349.852833 3653.894178 2310.353509 3614.640371 5.413497 0.333333 11.202370 
3270.436373 3795.434584 3200.493347 3865.495675 7.881157 0.333333 60.801605 
437.987447 1811.949610 483.637089 1855.154662 6.695320 0.333333 27.728697 
785.198447 1111.427451 765.947684 1129.775095 6.673572 0.333333 3.104872 
2145.902401 3112.809299 2203.496322 3168.994367 6.742214 0.333333 32.060335 
177.229724 1232.229738 367.858567 1041.608507 6.192003 0.333333 144.573343 
645.901221 2004.224969 625.922854 1986.538548 6.551563 0.166667 0.850839 
1245.187948 572.322192 1218.478761 545.275652 3.568745 0.333333 9.605841 
1810.031645 3126.219700 1791.299615 3107.449206 4.583756 0.333333 6.521532 
2165.509992 3479.547131 2239.490988 3550.556469 7.033359 0.333333 50.878155 
258.928330 1637.269334 271.891117 1649.439269 4.504196 0.166667 1.496088 
1241.400825 515.138839 1218.607757 537.369960 6.916085 0.333333 8.126024 
3025.122013 4047.648035 3044.230937 4029.182374 6.413221 0.166667 6.401124 
272.615137 1649.856357 316.599395 1692.209364 5.434713 0.333333 17.340949 
1663.502034 1010.261240 1716.315920 1065.002415 6.423729 0.333333 43.449363 
2017.040156 1024.210419 2099.396180 1106.853894 5.417241 0.333333 47.387834 
3049.204454 3522.953855 2992.224349 3579.734365 7.089666 0.333333 38.666106 
44.223422 1359.304252 92.599224 1312.538103 8.807666 0.333333 39.334668 
251.759785 1144.254643 181.623756 1214.127517 7.097636 0.333333 45.979499 
626.734007 785.486246 682.938662 729.190974 7.105239 0.333333 32.548546 
906.622031 1000.376859 925.814572 980.810955 7.206966 0.333333 1.032225 
962.786311 944.099450 986.094871 919.826196 6.562161 0.333333 3.637785 
1027.624995 2377.351967 1087.932338 2435.861978 5.825518 0.333333 48.039213 
1378.183560 379.325192 1365.051187 391.362690 6.296575 0.166667 4.901465 
4038.343780 3024.586091 3987.222087 3075.976813 5.428542 0.333333 37.553458 
58.205052 1336.952393 1.650809 1395.449778 7.037087 0.333333 36.347434 
2081.016384 3398.977581 2106.206190 3423.784848 4.439576 0.333333 12.732674 
3200.212949 3866.451028 3013.915801 4051.421473 7.869621 0.333333 156.118189 
3283.695161 2086.288484 3304.713388 2107.824825 5.982272 0.083333 16.249617 
3573.943271 3073.981869 3598.678402 3048.665700 6.340670 0.333333 5.907284 
3986.049638 3077.315071 3965.676482 3096.973781 4.434486 0.333333 11.461546 
4002.585712 2403.627680 4014.673994 2416.596302 3.657493 0.166667 3.039104 
874.568598 2234.144367 906.241360 2265.024896 5.146168 0.333333 18.007600 
941.931178 964.389833 962.265715 944.735956 7.160300 0.333333 3.638566 
1306.918523 634.331581 1283.820423 611.178255 5.324405 0.333333 1.997496 
2075.814705 3044.180111 2102.430757 3070.088213 5.612542 0.333333 4.446342 
2687.021983 3984.169376 2713.597913 4010.169303 6.177130 0.333333 11.003231 
2723.830648 4019.884408 2755.878877 4050.420452 6.462935 0.333333 18.921533 
3249.118008 2050.907697 3283.044522 2085.735751 5.789578 0.333333 9.180631 
3742.821906 2134.673845 3761.456134 2153.573044 6.068476 0.333333 1.319299 
3799.524387 3274.574379 3832.500650 3240.029009 7.316230 0.333333 15.408575 
2051.948655 3020.539432 2070.787898 3039.210635 5.350763 0.333333 5.891376 
2565.303851 3859.698281 2537.832602 3832.163860 3.834004 0.166667 9.580910 
2984.451298 4088.235716 3000.955390 4072.149086 7.070488 0.166667 4.799192 
4112.331476 2951.045798 4094.399209 2968.206499 4.787494 0.083333 10.058501 
4170.095008 2893.810898 4153.274369 2909.614431 4.279556 0.083333 8.824550 
3665.224275 2056.021898 3711.257287 2102.498751 6.216798 0.333333 19.289558 
584.811447 827.439174 595.806884 815.718255 7.067465 0.041667 1.240494 
781.588149 2145.909941 804.016895 2168.489044 5.303271 0.333333 6.066985 
1940.354391 3254.633402 1907.654367 3222.335919 6.192540 0.333333 5.244893 
3044.701481 4028.455448 3089.607097 3983.356100 6.234733 0.333333 25.583461 
3847.653415 2234.875020 3814.519972 2200.485324 6.334088 0.333333 6.797910 
539.875314 1901.414733 514.592401 1876.628212 8.015897 0.333333 7.255532 
1483.381316 2817.823346 1522.734793 2856.026952 5.171687 0.333333 26.190158 
1364.460319 391.894690 1342.479727 415.011441 7.202391 0.333333 6.106825 
2633.642972 3298.636592 2607.268671 3324.782998 7.186060 0.333333 5.815547 
3362.140368 1740.348981 3400.692041 1779.322204 6.403369 0.333333 16.563928 
822.965377 1084.305715 841.154762 1064.870811 6.119234 0.166667 7.281669 
1118.129842 293.178048 1140.225467 270.192541 6.377864 0.333333 7.237590 
1140.687857 269.474868 1154.661512 255.884349 6.321717 0.166667 1.873901 
1212.704506 543.586096 1241.964024 574.351518 4.813939 0.333333 13.631537 
782.267257 620.976017 741.279926 662.556235 8.265734 0.333333 24.402016 
1910.657545 1271.870748 1939.097142 1300.951879 5.263541 0.333333 3.001247 
2714.539098 4010.316494 2723.819618 4018.737098 7.988469 0.166667 0.371705 
2721.128194 3393.901834 2766.975279 3440.547848 5.623750 0.333333 23.447550 
1062.807151 347.813936 1117.070745 293.314489 6.334755 0.333333 55.828848 
1185.627520 2524.394137 1145.264582 2484.719975 6.392322 0.333333 14.071962 
1968.210439 1261.905451 1946.141708 1284.921901 8.576823 0.333333 6.328316 
2944.987349 4119.986513 2891.827162 4173.077100 5.342671 0.333333 36.869054 
4045.270903 3029.045221 4076.967589 2998.186172 6.387814 0.333333 11.048732 
1144.592862 2484.175453 1130.788130 2470.480624 5.615122 0.333333 0.586476 
2102.300995 3070.161684 2145.305514 3112.229435 7.382071 0.333333 19.064016 
2569.109520 3362.856753 2541.644754 3390.398914 7.078523 0.333333 8.546187 
2815.004399 3487.490686 2873.357029 3545.391159 4.704719 0.333333 34.769771 
181.075760 1214.813914 152.106572 1243.360004 7.278938 0.333333 16.183084 
629.668503 1276.033692 641.394425 1262.702300 2.628404 0.166667 1.694417 
3939.510912 2339.242696 3983.914211 2384.856737 5.421694 0.333333 15.868522 
763.009107 1132.892742 751.159781 1143.811833 6.114974 0.333333 2.560922 
1912.479310 2885.009710 1940.860897 2912.884817 6.417696 0.333333 13.900336 
4007.873574 3066.625779 4044.588187 3029.586317 5.404468 0.333333 14.550788 
599.579657 1304.698331 619.132019 1284.079954 7.021684 0.333333 1.322713 
618.362502 1277.095463 603.852788 1291.365036 8.228277 0.166667 0.884902 
1184.974486 218.714905 1162.418060 241.158196 5.374394 0.333333 11.430868 
1320.468727 658.275788 1336.137414 673.866285 7.066624 0.083333 1.727107 
1459.119198 2795.791564 1482.654184 2817.388076 5.829426 0.333333 13.280248 
3305.255516 2108.466156 3319.107246 2123.468061 5.439915 0.333333 1.976337 
3545.709343 3095.720640 3496.572914 3145.337956 7.174282 0.333333 37.852755 
3711.701809 2103.298059 3742.315800 2133.935494 5.318863 0.333333 17.204755 
3614.261727 2424.499853 3585.021966 2394.959157 4.733880 0.333333 8.078258 
3077.761430 1445.978474 3110.439538 1479.590025 6.074566 0.333333 7.589354 
565.532843 845.595452 584.172727 827.911789 6.836016 0.166667 10.067522 
1348.410394 675.383806 1336.059600 662.666927 3.971127 0.166667 0.291570 
2994.773205 3416.456546 3032.108878 3454.155418 7.165108 0.166667 0.082098 
1428.104368 401.895190 1402.753083 375.988950 5.436957 0.166667 5.560046 
2152.530117 3112.452581 2135.446336 3095.808383 5.302850 0.166667 0.239623 
3745.723311 3328.221112 3758.080316 3315.581316 6.236782 0.166667 6.292699 
331.480384 1063.969984 296.063202 1099.823072 6.300593 0.333333 6.616865 
2446.433827 3397.321329 2425.053780 3376.188287 5.467543 0.166667 0.094807 
3487.474601 3577.469055 3304.618405 3760.875171 8.753891 0.333333 163.941206 
5.883772 1397.137896 44.947656 1358.686860 7.196630 0.333333 15.589169 
105.208904 1496.051314 150.138553 1539.904089 5.195709 0.333333 13.620042 
1244.700042 158.433680 1228.848725 175.125217 4.577638 0.166667 2.651198 
3768.275194 2160.442508 3820.018015 2213.750869 6.912234 0.333333 31.518950 
4131.852676 2944.357479 4150.571866 2925.567348 7.966639 0.333333 2.941582 
513.496893 1876.551504 501.223392 1862.441810 7.176739 0.166667 3.360176 
1576.569037 2908.431064 1590.946304 2922.803590 5.304175 0.010417 8.836083 
3825.438420 3237.897214 3785.571090 3279.371615 8.068892 0.333333 21.728667 
772.798503 1132.897400 795.872859 1110.827261 6.716384 0.333333 9.499781 
1867.437211 862.483918 1887.114958 882.996562 8.155167 0.333333 3.285965 
2752.448196 3420.049637 2663.217772 3330.532525 4.605122 0.333333 42.539904 
4212.310421 2863.574358 4271.941815 2804.432031 7.936686 0.333333 36.185382 
447.399345 951.063074 425.596132 971.954040 9.399512 0.333333 8.052074 
743.612150 2107.631453 780.964079 2145.299246 6.257838 0.333333 12.773539 
863.109039 2224.225122 874.030009 2233.852321 4.112759 0.166667 0.237590 
1439.219135 2776.923719 1460.350937 2796.170719 6.998399 0.333333 5.272688 
2104.898459 3421.277777 2118.623629 3436.553906 6.588961 0.166667 2.429360 
2439.801095 3398.852635 2490.640418 3446.930493 7.956280 0.333333 25.970786 
2526.494600 3405.232756 2506.413402 3425.169129 7.007046 0.333333 2.779421 
4151.247854 2912.392601 4136.314339 2925.180029 4.658787 0.166667 1.025979 
554.132058 856.594720 565.600247 846.654324 5.623523 0.166667 0.499947 
2292.384741 3257.614814 2303.632108 3268.868949 6.191172 0.083333 1.395820 
2907.094691 4164.667897 2928.941505 4143.857650 6.897205 0.333333 0.835807 
1152.130178 258.364877 1214.302921 195.553653 7.260617 0.333333 34.639920 
3984.559210 2385.386812 4001.063723 2402.771804 4.750560 0.166667 3.652840 
1328.413932 656.746075 1314.149808 640.826778 3.964124 0.166667 0.987016 
2053.455803 1188.467494 2064.941847 1177.373527 6.611598 0.166667 1.000159 
2455.933927 3759.070317 2422.730354 3726.015789 4.465136 0.333333 1.808777 
3624.953070 3441.093660 3606.911456 3458.163531 7.704137 0.166667 1.866364 
833.429461 576.246912 844.764819 566.833879 6.877829 0.166667 3.562025 
855.376142 1051.627282 900.275497 1006.521373 6.314959 0.333333 30.886388 
3066.313408 3506.278005 3049.503823 3522.090744 8.032229 0.166667 1.098311 
3615.905180 2005.377113 3664.754660 2055.279732 5.875787 0.333333 19.873594 
3720.033214 3353.784827 3745.625764 3328.122356 7.090354 0.333333 1.403336 
1983.876434 1246.372885 1968.909068 1261.411268 7.104519 0.166667 3.937208 
2756.384390 4051.076684 2792.300630 4085.241627 7.245509 0.333333 28.330778 
2973.297121 1340.460201 2993.424531 1361.481862 2.955681 0.333333 6.102689 
3650.897885 2988.396528 3623.409595 3015.909342 7.086043 0.333333 9.710542 
1884.470641 3199.289286 1867.646821 3182.340430 6.242772 0.166667 0.152126 
2508.374453 3432.125298 2582.111554 3358.360528 7.970703 0.333333 49.654643 
3067.536003 3511.458097 3083.009403 3494.387196 5.789729 0.333333 0.325509 
3289.601155 3775.796057 3271.167760 3794.944158 8.171994 0.333333 3.176531 
264.417767 1635.620967 248.987171 1619.713757 4.298028 0.333333 0.164995 
3565.158847 3500.155574 3505.204179 3560.206867 8.014018 0.333333 50.539468 
3904.721679 2304.016587 3923.364547 2322.904802 5.349411 0.166667 1.672906 
1363.864912 703.660711 1405.624735 746.918543 6.415964 0.333333 18.176516 
2311.146377 3276.347093 2334.800204 3300.214808 5.327116 0.333333 3.000634 
3820.176515 2654.823556 3901.432954 2736.067116 4.425652 0.333333 68.305216 
4194.828413 2881.064933 4211.849083 2864.327492 6.087087 0.166667 6.157099 
4.417420 1396.814580 98.819934 1489.920387 5.425420 0.333333 43.623390 
1105.120181 1834.858825 1117.375197 1847.645605 3.502166 0.166667 0.934928 
2491.349383 3444.158797 2508.037127 3432.465667 4.690347 0.166667 0.589701 
931.006653 2287.618611 946.235577 2303.800376 5.300862 0.083333 4.799664 
1269.163858 2607.091911 1254.589239 2592.904907 3.925036 0.333333 2.207432 
1931.912400 2624.342981 1890.217064 2646.092975 5.687787 0.333333 3.667927 
2407.327968 3367.574647 2427.975108 3387.104945 7.781905 0.333333 4.689953 
3496.221976 3146.195086 3457.730902 3185.254839 8.298247 0.333333 29.463886 
3758.276124 2582.925481 3780.313360 2605.977966 4.517781 0.333333 2.107096 
659.561548 2017.949173 646.361601 2004.880973 4.766895 0.166667 1.638250 
733.109932 2090.685344 713.344524 2071.602883 5.975338 0.333333 5.060948 
1491.205624 465.045684 1472.475376 446.273161 6.178213 0.166667 3.685042 
1841.064127 1201.425075 1890.726737 1251.757972 6.489204 0.333333 15.057895 
1890.071504 2645.812352 1863.417333 2658.728279 5.544536 0.166667 2.529959 
1762.046254 3079.223962 1736.792934 3054.435180 7.382542 0.333333 2.969605 
3594.313876 3470.531201 3565.935624 3499.711442 7.562956 0.333333 15.160325 
1951.875869 1290.636381 1990.554548 1251.794330 8.883521 0.333333 23.740308 
2220.776783 3524.337121 2197.666067 3502.295562 6.985392 0.333333 3.125281 
1179.282611 1908.213135 1211.219409 1940.033000 4.466421 0.333333 9.157922 
1800.726810 2458.275419 1807.572903 2510.533571 3.364095 0.333333 10.900598 
596.804893 1956.982110 580.298420 1940.925697 4.594823 0.166667 3.032361 
1425.701984 2765.565655 1437.622168 2777.399692 3.984487 0.166667 1.139348 
1491.178691 476.307694 1512.241276 497.790327 5.529922 0.333333 0.166209 
4239.431685 2826.930286 4221.919241 2844.422224 7.961681 0.333333 6.982885 
2194.457721 3498.152572 2176.087770 3481.368504 6.984216 0.166667 4.114871 
3583.421351 3057.170277 3544.121381 3096.613237 6.278662 0.333333 32.931634 
136.848505 1270.716355 165.041570 1241.143864 9.759544 0.333333 20.074555 
613.624048 1973.900943 597.250415 1957.729284 5.369021 0.333333 2.441561 
1580.973299 917.810885 1559.288127 896.917779 5.733049 0.333333 1.449775 
2540.830168 3390.797578 2526.626777 3405.326348 6.396976 0.333333 0.711202 
1471.817968 445.689176 1428.817261 402.429399 6.264139 0.333333 15.748734 
3032.843901 3454.649428 3074.202731 3497.013520 6.621832 0.333333 17.055638 
2035.941069 1205.984483 2053.368543 1188.333857 9.795617 0.333333 5.183098 
3604.817928 3034.780812 3583.181183 3056.902546 7.344915 0.333333 3.711337 
3877.767582 2769.024118 3905.241775 2741.486933 8.832756 0.333333 12.555040 
518.098982 891.857077 544.898107 864.886859 8.013974 0.333333 7.783124 
1469.788647 91.456795 1506.091592 127.660554 4.454477 0.333333 7.715169 
2086.140633 1143.539338 2063.628639 1167.421458 6.575865 0.333333 14.607941 
3328.400909 3184.111391 3341.206110 3197.514071 2.563415 0.083333 1.026451 
1973.733591 2943.733480 1990.168636 2961.057935 4.906727 0.333333 6.958100 
1274.207822 1901.726316 1299.439055 1876.918799 6.239352 0.333333 0.317696 
1517.468535 503.764490 1533.535238 520.257694 5.480615 0.166667 3.279019 
1442.532610 63.716189 1469.382226 90.620321 5.328398 0.333333 0.149213 
3113.711586 1483.798834 3128.665248 1498.837817 4.581097 0.166667 0.844491 
1027.669301 2369.846218 1000.090919 2342.411885 8.875835 0.333333 9.475030 
1287.207841 115.934898 1245.618114 158.136333 4.567708 0.333333 8.662465 
2428.375050 3387.839853 2439.143401 3398.362017 7.091035 0.166667 4.090139 
1941.532757 2913.373409 1967.786270 2938.532819 7.107078 0.333333 7.679707 
3439.036598 1818.434689 3452.257315 1832.881187 4.422540 0.333333 0.341214 
3704.734869 3359.692607 3670.173692 3395.185540 8.036533 0.333333 17.261436 
1534.137402 520.799506 1561.356326 548.660528 6.988161 0.333333 2.002455 
3961.718476 2368.280037 3914.440351 2320.548393 2.572391 0.166667 1.372372 
796.132429 1109.922052 821.952844 1084.437401 7.925859 0.333333 2.914233 
848.623552 1047.296870 834.778401 1063.658617 7.556070 0.333333 0.628015 
3820.532728 2214.424331 3850.701904 2245.590545 6.955205 0.333333 17.142774 
1866.369272 3181.166200 1846.962467 3163.031398 6.273429 0.333333 1.730398 
1885.378046 2652.633679 1918.345295 2636.063284 5.619554 0.333333 0.757201 
3786.027647 2859.778233 3844.147726 2801.647984 7.960132 0.333333 46.475866 
1807.118391 2510.787880 1811.715525 2539.198542 1.673095 0.166667 1.343927 
3765.288670 2599.709810 3820.166627 2654.836951 4.561560 0.333333 10.722654 
821.357759 2184.839927 862.820865 2223.540090 7.858474 0.333333 13.234788 
4044.208526 2454.540145 4101.744525 2512.005635 4.445971 0.333333 18.246223 
557.248622 842.234532 535.916261 863.426473 9.783957 0.333333 1.109107 
3327.199245 1703.967509 3361.575255 1739.711102 6.789255 0.333333 12.680264 
3641.166661 2459.982642 3676.563901 2497.298651 8.141140 0.333333 19.030129 
1141.467918 1871.010084 1161.738476 1890.765086 5.393934 0.166667 0.993810 
1361.835487 689.415541 1348.519752 676.437456 4.706678 0.166667 0.987016 
2917.415536 3565.079757 2960.723947 3608.014307 2.908341 0.333333 17.076300 
93.209937 1312.049435 108.805615 1297.433638 8.891495 0.333333 3.447231 
2562.370791 3863.736557 2583.848764 3883.592096 7.134962 0.333333 3.769233 
411.545993 986.521299 386.324221 1011.354705 9.688137 0.333333 11.157983 
4077.621376 2997.655072 4131.224134 2944.942049 7.888102 0.333333 34.934156 
2767.278422 4053.979552 2748.435059 4035.312021 3.634931 0.333333 0.048577 
4334.574980 2734.512289 4322.357141 2747.282250 5.497259 0.166667 3.743607 
1550.054884 171.189940 1574.946034 196.309151 5.391922 0.333333 0.879751 
3843.166267 3229.469845 3861.537232 3210.246796 8.133165 0.166667 1.939676 
1722.284021 1071.407367 1742.826998 1093.489351 8.769294 0.333333 2.700470 
1256.663833 1919.146116 1274.215956 1902.952613 4.327709 0.166667 0.578134 
1528.513173 150.213850 1540.113938 161.166313 3.746345 0.166667 0.291570 
1624.278336 2944.482110 1603.613273 2923.899849 8.256402 0.333333 1.619277 
3019.240092 1385.752637 3041.133770 1408.893654 4.470470 0.333333 3.815868 
4189.496256 2875.701238 4172.116937 2893.384249 8.976302 0.083333 2.035906 
4310.333971 2757.933511 4282.503443 2784.985556 8.342773 0.333333 9.702747 
115.938138 1502.814281 30.827086 1417.922393 3.553763 0.333333 24.518954 
3649.184056 3416.679405 3625.136513 3440.155064 8.050096 0.333333 9.360344 
2176.033332 3481.380957 2141.422806 3448.471354 8.657958 0.333333 16.677250 
2527.528467 3831.241205 2541.934944 3845.556734 8.013686 0.166667 1.787392 
2043.359658 3005.461892 2022.616897 2983.668857 4.681202 0.333333 3.815868 
1735.994977 3054.010245 1712.275321 3030.213881 7.976345 0.333333 6.069836 
3229.781958 3085.200779 3261.206082 3116.300888 4.433099 0.333333 4.174400 
384.834360 1011.085828 357.288554 1038.543871 6.199869 0.333333 10.178065 
3304.273618 3761.704330 3290.092718 3775.193607 7.378064 0.166667 4.756910 
1034.532822 1766.613297 1052.770588 1783.597799 4.503736 0.166667 2.208826 
1660.380649 2979.621341 1641.646765 2960.850310 7.606339 0.333333 2.285563 
3441.164524 3202.576412 3416.814840 3225.694788 7.791836 0.333333 3.745469 
638.373547 1257.121488 617.837283 1277.829310 8.024737 0.333333 3.247400 
2609.942046 3331.343748 2629.191000 3310.455440 7.425887 0.166667 1.423786 
3341.914899 3196.836158 3383.147994 3238.103049 4.421227 0.333333 6.642447 
3424.865119 1805.122278 3438.835614 1818.742541 4.215529 0.333333 1.671773 
710.591352 1185.535124 686.288768 1208.817844 7.441763 0.333333 10.811223 
820.616755 1073.246969 806.605969 1088.875089 5.172025 0.333333 5.196798 
2704.296291 1389.441630 2745.138286 1429.866733 5.221616 0.333333 10.916277 
4282.142983 2784.643299 4240.263559 2826.514005 8.841963 0.333333 17.772986 
1403.247559 382.952942 1435.084351 416.251672 6.672620 0.333333 13.660068 
3758.431327 3316.002061 3769.320329 3304.230732 5.746934 0.166667 1.655921 
3856.629221 2789.089768 3876.919078 2769.321329 8.815078 0.333333 2.463824 
1990.947459 1251.070175 2017.179536 1223.271485 10.000424 0.333333 9.604935 
980.247452 944.766017 1013.107952 978.141785 3.824208 0.083333 8.479253 
2844.571218 1529.169434 2878.181271 1563.080317 2.960767 0.333333 3.926820 
3649.942313 2461.225605 3634.078871 2444.658553 3.079901 0.166667 1.672349 
1120.200177 1849.792109 1137.787052 1867.216107 5.393706 0.333333 4.494614 
1051.954055 1783.043296 1077.380066 1807.644897 6.866217 0.333333 2.463824 
1355.694653 54.446229 1380.052944 30.055377 3.450734 0.333333 6.958100 
1585.216709 206.031727 1641.360959 262.391860 5.340605 0.333333 27.369891 
835.381757 1574.630035 862.237910 1600.244497 4.718638 0.166667 2.736805 
3505.233613 3561.333323 3490.997061 3571.619917 6.467346 0.333333 0.223289 
579.406274 1940.611137 559.518549 1920.449429 7.191834 0.333333 0.111977 
1636.653356 975.910175 1622.069139 960.365631 5.422755 0.166667 1.652272 
3852.223257 2262.773320 4044.931667 2455.069819 4.554643 0.333333 69.023081 
3850.573521 2245.674258 3905.013257 2302.568196 9.141257 0.333333 37.809990 
1788.006065 3104.518160 1766.549225 3083.434420 5.744502 0.166667 6.018283 
2541.792869 3844.613003 2561.699592 3863.386454 8.783273 0.333333 1.889295 
3363.853800 3214.896158 3315.727430 3166.772564 4.421227 0.333333 3.842551 
2198.563738 2601.429007 2140.078797 2542.416318 5.581146 0.333333 7.590389 
2896.285043 3568.705058 2917.057720 3589.170793 4.491660 0.333333 0.248038 
1512.269170 486.499612 1492.114898 465.336972 5.258591 0.333333 2.204202 
1812.552173 797.474311 1793.290671 777.944428 7.107589 0.333333 1.379353 
161.332267 1552.381791 171.012981 1561.594346 3.275108 0.166667 2.094234 
2637.085386 1321.669757 2656.850167 1341.929782 2.824767 0.333333 0.530691 
2916.796542 3588.208221 2949.350113 3620.645494 4.481095 0.333333 5.272688 
631.593835 770.132395 615.923181 784.695850 9.521640 0.333333 0.111977 
1946.507791 2854.009143 1982.690856 2817.692453 3.623499 0.333333 9.816885 
479.757729 918.478696 465.427526 932.954693 8.919244 0.166667 3.738834 
3321.466424 2118.552996 3301.077774 2097.682675 6.197081 0.166667 4.065384 
885.259547 1012.754620 859.476773 1038.194442 8.956992 0.333333 7.024395 
1797.770327 2436.668867 1799.839185 2458.200505 2.623858 0.166667 0.211783 
1232.901147 176.652220 1253.538560 156.036377 6.195040 0.333333 1.726990 
3468.849636 1849.896374 3494.503628 1875.498638 4.601393 0.166667 2.581846 
4110.854548 2517.892333 4135.245245 2542.255189 8.850947 0.333333 10.632685 
1419.900991 41.322449 1439.132599 59.629641 5.301694 0.083333 4.215611 
1090.714070 1820.517219 1104.371610 1834.398482 5.360569 0.166667 0.618306 
1652.288838 266.375804 1631.517277 244.718086 4.732211 0.166667 2.777538 
2605.499477 3869.511280 2593.753587 3858.692544 3.351256 0.166667 0.936781 
1240.276123 572.324134 1259.722656 594.205096 6.644260 0.333333 1.439960 
1904.418546 900.688214 1925.961667 924.169285 8.602603 0.333333 14.550788 
1991.091635 2600.290487 2023.156214 2584.438136 3.798709 0.333333 1.648358 
3167.967741 1538.196082 3197.566540 1568.786964 8.779367 0.333333 5.656513 
3980.666942 3091.924879 3994.470438 3078.205666 8.235447 0.166667 1.198706 
3584.349788 1974.399599 3607.819128 1998.453829 4.778038 0.333333 2.326897 
4154.367886 2561.907747 4167.005495 2574.292820 7.999146 0.333333 0.050274 
3301.118419 3152.624202 3262.559257 3113.685224 4.622961 0.333333 3.247400 
1058.843258 2399.915648 1028.585727 2370.156556 8.226272 0.333333 14.141975 
2921.365308 1286.123595 2957.239225 1322.795919 5.555881 0.333333 7.220043 
1538.642830 513.737436 1527.244905 500.111170 4.480397 0.166667 0.839506 
1689.490724 3008.012218 1667.601090 2986.149556 8.843192 0.333333 1.691157 
3310.755998 3166.738299 3326.345756 3182.407918 2.317136 0.166667 0.917832 
1350.154849 1825.169569 1385.502601 1790.476695 6.476151 0.166667 1.593819 
1656.623052 277.143568 1691.951658 313.070434 4.471207 0.333333 1.651760 
3261.652802 3117.096824 3299.159622 3154.590001 3.799401 0.166667 5.948262 
2050.099566 2751.380755 2082.047569 2720.751191 4.929758 0.166667 1.220548 
3912.961331 2319.537372 3886.191137 2292.553446 2.674415 0.333333 7.208749 
3310.999145 1687.737898 3326.917938 1703.123864 5.498926 0.333333 5.361184 
2633.609526 3900.207677 2605.365883 3870.825647 5.546673 0.166667 2.455441 
1708.132532 1986.823797 1655.484585 1979.079592 4.037219 0.333333 0.376769 
2056.951196 2415.888519 2034.185904 2422.471019 2.540460 0.166667 2.372959 
1089.998484 1054.999202 1111.290088 1076.212083 2.943268 0.083333 2.458311 
1355.937037 642.792836 1336.620058 624.646386 2.698009 0.166667 1.050316 
