62.821794 1059.789395 136.590472 1336.283912 6.700107 0.333333 169.430700 
765.125525 2718.393482 623.977357 2756.658204 5.211389 0.333333 82.544491 
624.063692 1801.619203 646.719301 1884.758058 6.250204 0.333333 39.407453 
723.457127 641.853246 798.386437 621.591826 5.737819 0.333333 26.033955 
1028.991278 2647.937555 766.509640 2718.006341 5.977523 0.333333 152.943629 
985.796936 826.267381 960.594967 833.012792 6.360673 0.333333 3.804498 
1352.653283 2100.113978 1517.312290 2056.007496 6.101734 0.333333 96.840929 
2030.369005 278.446401 1843.301950 330.016871 5.569252 0.333333 124.212271 
2294.289896 2307.812028 2064.300543 2370.351181 6.835500 0.333333 137.054154 
271.390092 1836.680376 277.221601 1859.604806 5.175061 0.333333 5.658713 
746.149919 2262.580935 1354.681667 2099.267691 6.804015 0.333333 331.588239 
2171.724632 245.082528 2204.158046 236.092311 5.676256 0.333333 3.447431 
380.379204 1264.439372 314.856208 1014.248975 6.766060 0.333333 137.596708 
953.571725 576.034017 809.811112 614.744603 6.453091 0.333333 75.195886 
1268.815248 2118.208728 881.489881 2221.683427 5.435642 0.333333 266.126412 
1100.065043 2633.546584 1275.781493 2586.205862 6.046408 0.333333 99.033843 
1468.644654 431.282236 1367.946260 458.718990 4.712284 0.333333 63.815770 
1842.934618 329.923159 1469.218467 431.297944 5.474772 0.333333 198.448331 
526.972816 2785.992506 1099.814054 2633.524582 6.361236 0.333333 275.155769 
1343.172059 2568.301541 1547.404434 2513.861164 6.277245 0.333333 119.400364 
1651.574581 1162.006682 1820.554558 1116.612779 5.925539 0.333333 77.128208 
1891.838108 320.483002 1931.742636 310.115530 4.916368 0.333333 11.764167 
2082.428109 1392.411392 2068.157840 1340.615952 7.230593 0.333333 33.063841 
795.491323 876.389692 525.010231 950.893112 6.249348 0.333333 159.150698 
511.118013 2698.915296 497.521752 2647.363778 8.513725 0.333333 27.776136 
880.955242 2221.865183 747.903927 2257.294789 5.782757 0.333333 81.042605 
1299.362168 476.828424 1238.592308 493.571155 5.816450 0.333333 24.020808 
1367.345348 458.598375 1297.646247 477.620827 5.047306 0.333333 28.916560 
2397.359238 1546.076550 2372.911744 1639.970408 6.162525 0.333333 38.856937 
1517.957656 2051.251299 1488.095125 2059.263655 5.006021 0.333333 11.065631 
1326.380973 2568.434830 1029.429718 2648.328379 5.966613 0.333333 161.291956 
1487.791663 2059.380332 1269.312501 2117.891630 6.057984 0.333333 126.623863 
1797.548341 2441.810713 1763.824464 2451.133516 5.690988 0.333333 13.336326 
73.381689 1078.722407 55.189206 1010.408172 6.124831 0.333333 39.599878 
2372.738234 1640.195655 2333.882299 1788.323650 6.244869 0.333333 82.128692 
368.888359 735.144233 302.932171 753.689193 5.490041 0.333333 20.172056 
224.538602 1663.655292 260.855607 1798.062690 5.738007 0.333333 98.090839 
278.274101 1864.333789 292.819650 1916.959398 6.151341 0.333333 21.224518 
809.396537 614.455837 633.867687 661.220839 5.832132 0.333333 103.488141 
478.574868 704.733029 406.658880 724.852489 4.915406 0.333333 39.268656 
590.179454 1675.077160 617.689139 1778.241226 6.199950 0.333333 45.915595 
1548.831262 2513.583466 1664.918344 2482.665055 6.738003 0.333333 61.610516 
2059.177315 1307.858346 2049.795721 1270.835137 7.319623 0.333333 7.760832 
2063.930647 2370.224717 1798.104961 2441.800578 6.307881 0.333333 147.715194 
1843.469796 1110.654463 1915.457850 1091.254744 6.171825 0.333333 23.952377 
177.509940 1487.619315 196.142355 1557.071552 5.919123 0.333333 39.512146 
260.980462 1798.364281 271.154431 1836.399017 6.614196 0.333333 3.788912 
1763.681283 2451.458609 1326.551601 2568.163679 7.167397 0.333333 241.168427 
2029.550073 283.764171 2171.341307 244.926553 7.542363 0.333333 69.348947 
196.131061 1557.651535 224.954340 1664.555822 6.347775 0.333333 55.423644 
2048.705544 1268.299960 2032.216910 1205.208959 7.256283 0.333333 31.577203 
2470.064732 1399.724799 2509.096087 1389.554583 6.354775 0.333333 5.949661 
104.478647 811.006989 4.386054 838.165737 5.414148 0.333333 38.059307 
136.684910 1336.014547 177.621315 1487.349376 6.951762 0.333333 68.823575 
1820.922590 1116.686252 1843.591145 1110.329658 6.164302 0.166667 0.382589 
2404.966538 1517.946786 2398.294742 1542.597572 5.806050 0.166667 7.253135 
523.593787 950.941161 493.773933 959.866907 5.612858 0.333333 8.544644 
911.087400 846.112352 812.891426 872.247402 6.108458 0.333333 46.845609 
436.495506 2452.541700 443.592099 2478.340357 5.304710 0.333333 0.779342 
493.615440 959.885628 442.692069 974.070821 4.618749 0.333333 28.198042 
1329.248953 727.666487 1238.020649 752.745409 6.059961 0.333333 44.527644 
84.571888 1121.478804 75.133332 1087.009631 5.468160 0.333333 18.999611 
331.319269 1097.342103 337.469542 1121.117900 7.218995 0.166667 3.710143 
441.267964 974.191713 353.261383 998.616412 5.083193 0.333333 43.752829 
655.354317 1914.448040 672.262226 1977.107808 7.164614 0.333333 33.868743 
201.063388 1556.758321 177.744441 1469.143595 7.325737 0.333333 46.260445 
1932.150590 310.337471 1963.348189 301.404464 7.564802 0.166667 4.467518 
2621.386090 2222.217144 2578.606474 2233.672974 4.895440 0.333333 5.913826 
1666.097649 2482.751536 1704.191350 2472.446140 6.913331 0.333333 9.326084 
1841.903679 334.477927 1869.361655 326.827107 6.296516 0.333333 2.897199 
2542.302330 1862.107787 2518.714027 1852.198375 4.657209 0.166667 7.515551 
626.700595 663.725955 582.224875 675.677052 6.577974 0.333333 8.176998 
707.010541 2085.588578 664.675999 1928.044117 6.749419 0.333333 83.765986 
2068.606081 1340.132692 2059.493697 1308.091243 6.728828 0.333333 22.001803 
2034.708578 1243.031366 2043.244800 1273.442243 7.410967 0.333333 7.902601 
418.163037 1259.516830 484.033348 1241.851082 5.652618 0.333333 17.778816 
302.771359 754.155414 290.671247 757.067182 4.185323 0.166667 1.852444 
1238.168778 493.281079 1181.795832 509.092743 5.724264 0.333333 19.672651 
1962.646844 346.404374 2006.807543 334.132258 4.617145 0.333333 2.285589 
55.227153 1009.821748 11.882964 849.945065 6.353892 0.333333 76.890815 
307.504115 1949.205262 292.025189 1891.834478 8.677925 0.333333 18.505782 
292.794374 1917.303773 324.855756 2035.494586 7.360400 0.333333 61.847098 
581.961360 675.933128 479.130812 704.753750 6.118002 0.333333 45.055310 
173.904375 791.461577 109.792453 809.600488 6.078431 0.333333 27.722557 
2031.191352 1200.809952 2009.489967 1120.593897 6.598761 0.333333 42.719189 
372.046863 1251.303726 380.181731 1271.550873 5.778787 0.166667 4.381127 
637.526963 1830.787997 621.267299 1771.131324 7.555554 0.333333 32.883781 
2521.408737 1856.677899 2540.204681 1865.001443 3.934974 0.166667 6.605546 
401.552915 2322.876700 417.080542 2380.904486 6.683816 0.333333 29.580733 
960.342360 833.301572 910.198386 846.504779 5.790048 0.333333 32.018632 
1933.007563 1615.529075 1917.093809 1635.011681 7.279627 0.333333 2.450169 
605.382389 1714.435198 596.621628 1679.127709 7.315611 0.333333 9.513769 
675.764342 1990.249632 692.862236 2053.533714 7.469035 0.333333 43.421029 
390.714245 2282.198784 398.839369 2311.327053 7.534815 0.333333 10.974692 
248.322893 1731.484201 221.552086 1632.299543 7.951033 0.333333 50.558492 
417.422590 2381.094245 426.082747 2414.898200 7.575584 0.333333 8.000276 
799.082101 622.018937 862.675761 605.178558 5.831338 0.333333 20.047324 
1959.565571 1075.094750 1916.757007 1086.429363 6.647394 0.333333 6.568512 
1802.564939 1117.246011 1753.648298 1130.114239 6.998388 0.333333 12.179460 
172.006837 1447.759889 148.927884 1360.412861 8.415356 0.333333 43.577191 
2375.989924 1798.471646 2480.150749 1840.548990 5.726088 0.333333 45.870619 
309.959687 1013.291195 331.046807 1097.707383 6.679285 0.333333 48.701002 
473.531107 2587.672264 486.020540 2633.358587 8.006516 0.333333 18.609944 
650.298762 662.101323 668.355068 656.346910 5.470729 0.333333 1.732013 
944.682458 841.796673 999.208017 827.488655 5.848088 0.333333 17.787001 
1574.446223 2035.882735 1522.981238 2050.104771 6.120074 0.333333 18.677115 
2366.696835 2288.696135 2294.571826 2307.624970 6.482957 0.333333 40.685302 
735.850429 2198.387057 714.663281 2115.551265 7.519909 0.333333 42.591669 
626.569350 668.154881 647.450888 662.923875 3.868881 0.333333 2.923140 
1850.975011 2433.424819 1908.831347 2418.332841 10.833233 0.333333 21.031921 
1039.689677 550.453106 953.966094 575.474058 7.464638 0.333333 60.133174 
2058.908974 1330.736778 2061.880043 1343.123790 4.251955 0.166667 3.330211 
721.136532 2163.317719 738.744699 2230.789490 6.312842 0.333333 41.282714 
1077.516262 799.747822 986.066594 825.918111 7.422899 0.333333 63.908072 
1237.778230 753.085930 1210.566140 760.406196 6.409538 0.333333 1.733371 
623.432539 2756.776597 530.546790 2781.582138 5.296925 0.333333 26.516743 
2395.637209 1801.220063 2343.264930 1780.275110 6.268609 0.333333 23.587919 
148.881768 1360.513469 108.004283 1208.157389 8.393290 0.333333 89.469578 
1276.098999 2586.149245 1342.842699 2568.318309 6.656936 0.333333 22.860094 
1628.924217 2020.944473 1574.908203 2036.256031 6.211960 0.333333 17.700873 
2016.274043 1171.706916 2021.599336 1192.270104 8.113758 0.333333 1.535399 
2061.921039 1343.443013 2076.316428 1397.942367 6.247803 0.333333 28.813625 
1533.145974 2051.952731 1622.160635 2027.933557 6.283009 0.333333 42.340586 
1771.596244 353.334074 1827.288704 338.419846 6.233751 0.333333 15.685905 
43.369918 985.560408 62.855584 1059.446052 6.879992 0.333333 33.103106 
1714.081674 369.792805 1734.942892 362.439792 3.877781 0.166667 8.703481 
1753.103090 1130.544033 1650.662755 1158.264522 6.415961 0.333333 38.869371 
37.896280 965.688074 43.143247 984.714680 5.186637 0.166667 0.088575 
240.472553 771.374440 178.400222 790.278693 6.816086 0.333333 30.710443 
812.621277 872.563117 796.054232 877.168937 4.347547 0.166667 10.533656 
2117.298438 254.690837 2044.384076 274.408563 6.230438 0.333333 48.657079 
2799.775405 2174.561423 2768.838628 2183.185090 4.896167 0.166667 2.510570 
337.354885 1121.069204 372.438478 1250.810644 6.722944 0.333333 72.902425 
1847.582787 1153.589371 1871.624759 1147.185519 4.430757 0.166667 0.382853 
1012.299423 823.565899 1041.701988 816.185722 7.298704 0.333333 2.488372 
1557.854545 410.869179 1629.629036 391.569760 5.072572 0.333333 20.588414 
621.587306 1770.708861 611.400877 1735.763204 8.400391 0.333333 6.481142 
107.836721 1207.865142 84.271832 1120.652876 7.142840 0.333333 53.731614 
700.203975 2082.924279 709.473307 2121.206525 7.327603 0.333333 7.313796 
315.824947 1016.325817 342.574107 1008.694117 5.836981 0.333333 1.351194 
1892.356474 1675.012703 1919.121292 1641.418761 6.096753 0.333333 8.402886 
738.550313 2231.195397 746.514026 2260.161572 6.237561 0.333333 6.447679 
882.556207 599.758567 896.094041 596.120265 4.504234 0.083333 1.998054 
1685.847810 420.243915 1728.131752 409.401332 6.178568 0.333333 3.405909 
2480.620778 1840.635564 2521.142728 1856.829493 4.649351 0.333333 6.263670 
2183.717966 236.540493 2118.157222 254.492674 5.568506 0.333333 37.856770 
316.232496 1981.721483 308.062383 1949.390824 7.297641 0.333333 9.980271 
1923.224029 353.498708 1882.753485 364.223007 2.622988 0.333333 9.763180 
406.142059 725.031834 369.217541 735.044315 4.846521 0.333333 11.343267 
1689.579104 375.162299 1704.241763 371.361061 3.005000 0.166667 2.417596 
2432.198278 1416.048830 2424.952927 1442.943948 5.759059 0.333333 1.449165 
484.452497 1242.152189 520.991678 1231.936527 5.825053 0.333333 3.899710 
1878.967671 1691.345308 1892.181388 1675.886898 6.789190 0.166667 2.480050 
335.837235 2051.817256 325.159407 2012.571487 7.565089 0.333333 15.966442 
1972.844786 1565.399642 1932.596668 1615.444802 7.601872 0.333333 20.864120 
2413.914305 1485.257153 2405.363658 1517.140146 7.008055 0.333333 1.006737 
746.557275 2238.751092 741.271368 2220.262323 7.727262 0.166667 0.632704 
1120.574977 526.698432 1083.238616 537.276038 6.074165 0.333333 7.038695 
1641.647008 388.549355 1669.764381 380.785098 4.234959 0.333333 6.859967 
2517.963896 1852.266641 2395.791011 1802.010164 6.468596 0.333333 45.949373 
1871.872759 1146.866545 1999.669947 1112.987591 5.051984 0.333333 33.594209 
2337.274827 1783.338393 2375.623209 1798.129644 5.747929 0.333333 9.900478 
365.573106 2186.258253 374.461162 2221.538383 8.226257 0.333333 13.258855 
521.630995 1232.253980 573.882359 1217.616430 5.249949 0.333333 15.333411 
896.715298 596.321211 929.715196 586.804675 4.988611 0.333333 10.162499 
1181.491732 509.244872 1129.850149 523.585985 6.490046 0.333333 17.700873 
2565.678994 2237.083799 2518.126427 2249.380517 6.322314 0.333333 15.092062 
342.741245 1007.997195 404.428139 990.815787 8.336124 0.333333 26.577551 
2508.497693 1389.523547 2689.548511 1341.276110 5.581032 0.333333 99.937971 
2043.053534 1273.704084 2055.578867 1319.042415 8.387197 0.333333 12.551144 
499.479935 2680.596326 527.683937 2783.812391 7.571210 0.333333 55.237655 
1598.132011 1899.711070 1592.352221 1878.333938 5.349608 0.166667 1.783990 
583.075335 680.462473 608.036333 672.834841 5.346073 0.333333 0.142574 
617.650843 1778.619518 624.134999 1801.226794 6.687748 0.166667 3.059148 
1752.346672 1543.942118 1760.701220 1577.170125 5.486434 0.333333 0.721297 
2665.864173 2210.245829 2635.414564 2218.608803 4.278200 0.333333 6.317782 
4.606766 838.392337 30.473790 936.914700 7.039315 0.333333 36.248501 
664.338735 1927.792735 637.852770 1831.041716 7.820227 0.333333 47.105956 
1122.959479 786.282379 1077.465457 798.989031 7.505770 0.333333 19.534268 
1804.571916 2446.330198 1847.235763 2434.416969 10.280884 0.333333 5.668285 
331.041853 2058.705684 344.048968 2105.367441 7.874713 0.333333 18.215393 
1937.351455 1617.501076 1951.933485 1599.422172 5.681544 0.166667 5.194808 
1990.265895 294.374776 2020.301191 285.747661 6.198807 0.333333 3.447431 
346.856801 2117.414300 358.107911 2156.703761 7.745521 0.333333 14.947127 
949.021821 581.873056 977.938929 573.715417 5.212368 0.333333 5.745485 
1905.251257 361.760693 1958.752942 347.104249 5.566054 0.333333 7.469759 
1928.078823 1087.954271 1950.935302 1081.772266 5.449343 0.166667 3.409964 
385.331840 1268.298155 404.688992 1263.028367 4.597630 0.166667 0.072934 
714.488823 903.536421 738.798894 896.810835 6.433395 0.166667 0.555503 
1622.187389 1992.110712 1614.573671 1961.825055 6.061393 0.333333 1.525774 
1951.187620 1081.933266 1993.827353 1069.929628 5.945384 0.333333 4.468648 
2675.135026 2213.261022 2724.624957 2198.991933 6.601582 0.333333 14.179477 
221.069559 1632.085379 201.453578 1556.985074 8.095907 0.333333 37.337848 
1860.928729 374.272696 1885.529041 367.762401 2.944013 0.166667 1.862527 
2010.482753 1119.447509 2003.878312 1106.491007 3.801774 0.166667 0.230827 
2768.451417 2183.104593 2665.259637 2210.498701 5.517514 0.333333 37.990711 
1041.874356 815.622620 1107.165745 797.949100 6.505012 0.333333 28.841114 
1569.422574 452.050593 1606.882204 441.901589 5.527430 0.333333 1.146787 
2466.495115 2262.704408 2367.025291 2288.700072 7.820401 0.333333 48.621988 
923.621673 847.884696 945.614991 841.838592 3.103901 0.166667 8.168491 
1917.092352 1086.445055 1802.760101 1116.748255 7.206356 0.333333 50.945892 
376.019159 2226.519301 390.761265 2281.838687 8.378440 0.333333 23.340665 
443.820047 2477.557156 447.867354 2495.682531 5.376336 0.333333 5.530161 
1621.167225 439.724316 1645.110267 431.606774 3.154920 0.166667 0.908793 
1828.343976 1756.053373 1851.219056 1727.348405 6.277582 0.333333 5.983395 
325.107019 2012.355862 316.820728 1981.889761 8.433413 0.333333 7.604669 
377.226449 2201.414706 367.266582 2166.762450 9.143243 0.333333 9.296433 
550.943690 689.200092 582.521598 679.839440 3.047112 0.166667 4.765350 
1740.696021 402.151686 1713.089778 409.237780 5.250899 0.333333 0.547955 
646.688055 1884.946486 655.245723 1914.119581 6.908938 0.333333 2.972919 
712.245157 2104.944544 707.148711 2085.886071 5.714931 0.166667 2.932005 
1704.500323 2472.351601 1788.060426 2450.379424 8.207076 0.333333 52.129926 
345.747157 2086.841931 342.423687 2074.564849 5.889503 0.333333 0.212386 
1083.028080 537.785762 1048.688304 547.596659 7.383435 0.333333 11.884826 
30.947836 937.104594 37.944758 965.360095 7.037149 0.333333 5.443009 
426.852106 2413.916200 431.979232 2438.365275 8.109992 0.333333 3.572130 
497.144260 2648.052922 486.879764 2609.708338 5.973862 0.333333 8.538470 
1079.897621 547.123569 1096.277318 541.411201 4.457406 0.333333 0.212386 
456.852478 2526.231202 468.146778 2569.694166 8.878553 0.333333 18.658117 
608.462692 673.148238 626.051549 668.483267 3.409601 0.083333 1.546371 
681.546925 653.153268 723.153355 641.980594 6.595025 0.333333 4.972370 
1986.963382 1067.174909 1961.927419 1074.552877 4.201786 0.333333 5.909686 
1804.630204 389.050641 1845.848729 377.686481 5.067963 0.333333 5.556965 
1851.694654 1727.024625 1874.419154 1697.485700 7.546327 0.333333 4.650912 
1025.407421 561.107918 1045.887075 555.298953 5.502203 0.166667 5.188981 
1766.079261 1596.096601 1773.277021 1623.414299 5.276378 0.166667 1.469387 
1887.798419 1672.336633 1811.697196 1768.969386 7.575075 0.333333 66.426859 
2517.818426 2249.460686 2466.505526 2262.971801 7.635426 0.333333 17.167011 
1145.629545 778.140162 1122.921728 784.946865 4.563559 0.166667 1.510894 
2215.404335 228.535069 2184.328806 236.699169 6.106373 0.333333 4.533480 
470.222857 2546.978294 463.132208 2519.373149 8.097472 0.333333 4.535070 
1991.171763 335.206819 1966.804500 341.606571 3.903520 0.333333 2.413959 
2055.798354 1319.336776 2058.279859 1330.590854 5.565074 0.166667 7.788466 
642.683416 1199.009168 673.141507 1190.685403 4.830543 0.166667 7.691813 
2005.684985 1129.962426 2015.266657 1169.762204 7.719183 0.333333 19.431544 
177.565705 1468.891238 172.359196 1448.004304 7.576116 0.333333 0.897615 
1587.183311 1861.177555 1579.252679 1829.720981 6.702268 0.333333 1.445413 
325.204076 2035.735037 331.415362 2059.495157 6.940013 0.333333 9.757193 
1610.625699 1948.447136 1602.748947 1917.899650 6.912325 0.333333 0.412619 
285.488867 1867.258977 262.714810 1785.046095 8.482175 0.333333 43.577709 
1198.858101 763.885060 1165.797773 773.706572 7.284772 0.333333 4.937474 
1726.846285 1449.715841 1751.753097 1543.157493 5.799279 0.333333 31.840440 
2779.993922 1887.638420 2788.553068 1920.513551 5.003350 0.166667 0.800103 
361.738451 2146.910010 352.701501 2111.663094 8.383006 0.333333 11.407545 
623.556334 1204.715336 642.284756 1199.635779 3.634482 0.166667 1.773495 
2424.988401 1443.287598 2416.920333 1473.724325 6.041353 0.333333 5.950405 
2898.360444 2147.719964 2863.809976 2157.347235 4.462221 0.166667 1.672027 
2021.435319 1192.569233 2034.965363 1242.727306 8.789821 0.333333 27.647747 
404.663026 1254.264363 378.788590 1260.805298 4.847507 0.166667 3.409964 
1408.450713 1002.137307 1400.154427 972.903803 4.452620 0.166667 3.500716 
2964.659510 1009.188094 3017.084514 995.157865 4.642411 0.333333 3.869690 
448.673638 2495.795986 454.419347 2519.364189 6.269628 0.333333 0.919804 
486.142769 2633.525325 497.027410 2672.184034 8.913177 0.333333 7.267732 
2937.304843 1109.597290 2920.958100 1049.284719 6.156341 0.333333 14.626470 
261.017323 1777.452628 248.441657 1731.565939 8.474147 0.333333 17.904088 
525.601340 956.789169 549.275259 950.263176 6.769337 0.333333 1.259859 
351.937422 2111.559081 346.043772 2087.075089 9.001805 0.333333 6.830003 
2027.242654 2386.972113 2060.029701 2378.023874 10.413393 0.333333 6.351675 
291.284290 1891.727138 285.853697 1867.513025 8.833980 0.333333 1.778341 
1865.214761 368.694087 1792.563496 388.572863 5.368612 0.333333 9.086519 
1920.538799 1632.038734 1888.027942 1672.029908 7.584999 0.333333 20.621446 
1760.358222 400.949121 1786.258761 393.486280 4.450281 0.166667 1.422273 
678.948599 1651.531348 712.628631 1642.519846 3.532664 0.333333 0.355044 
1919.524450 1640.745005 1937.738993 1618.061319 5.090790 0.166667 5.001047 
264.341698 764.281281 240.814771 772.641272 8.215170 0.166667 11.608851 
400.728663 2290.005627 390.462931 2250.996604 10.116151 0.333333 16.119233 
1775.741149 1616.263255 1745.065252 1501.690191 6.434729 0.333333 41.551074 
482.390926 2589.610171 475.881924 2569.292691 7.127928 0.333333 0.444617 
656.488221 919.291700 682.223438 911.826132 5.342805 0.166667 1.281692 
341.976984 2075.000568 336.519693 2052.260246 7.778922 0.333333 2.014693 
710.073780 2121.035336 721.090065 2163.002923 8.206342 0.333333 11.795605 
1570.495073 1799.731339 1562.002088 1766.842182 6.437488 0.166667 0.744725 
463.350994 1238.966702 405.107919 1254.604723 6.572104 0.333333 22.490493 
1940.942184 1124.223166 1917.508766 1130.991450 3.062783 0.166667 4.522887 
2853.974115 676.683448 2894.329380 665.460954 4.012058 0.333333 0.815232 
1715.339358 1406.019408 1723.556743 1438.014113 5.676367 0.333333 1.465586 
2285.601313 209.286651 2214.980396 228.220737 6.185589 0.333333 19.815403 
500.784047 702.460877 550.512646 688.961124 4.360876 0.333333 7.350883 
1994.957945 1110.270349 1941.955802 1124.672367 5.166112 0.333333 6.684517 
1782.617195 1654.513724 1804.256276 1733.724474 6.252716 0.333333 16.063046 
2007.151191 334.175882 2076.930616 315.836614 4.332095 0.333333 6.447000 
1346.134876 793.339979 1352.453588 815.093862 4.363361 0.166667 2.127388 
2225.253924 230.531770 2250.406280 223.583272 4.061866 0.166667 0.308262 
2540.462906 1864.796304 2572.291595 1877.042216 4.306659 0.333333 0.170380 
751.438132 2255.067185 746.918106 2238.349446 5.451294 0.333333 0.771756 
1561.761838 1766.238877 1556.573298 1744.152228 4.516006 0.166667 1.301313 
1697.130135 1340.193730 1710.845855 1388.061718 5.157770 0.333333 7.021713 
1557.265127 1745.859406 1549.133881 1716.031487 3.124674 0.333333 1.625423 
2815.181671 1370.173406 2804.270686 1350.683398 2.487856 0.166667 3.181338 
1444.900435 1420.076647 1331.845145 1450.514109 4.363535 0.333333 29.337547 
1340.370086 759.777178 1332.844199 731.615988 3.122067 0.333333 0.682289 
1397.032486 962.144928 1390.779595 936.836804 6.381592 0.166667 0.544693 
1461.574472 480.757745 1542.672660 458.943359 5.435740 0.333333 17.122976 
2932.915841 1017.183211 2964.284318 1010.216684 3.764349 0.166667 2.155829 
3002.126842 2120.353302 2968.361914 2129.045315 2.415811 0.333333 2.470148 
521.110417 2734.242639 515.861337 2714.992242 7.674040 0.166667 0.320121 
533.115541 2779.602721 520.832782 2734.659835 8.223290 0.333333 19.297767 
1514.866498 462.368093 1471.905132 474.481863 4.643136 0.333333 2.336999 
437.544731 980.929181 463.560747 974.715701 8.982770 0.333333 0.935093 
468.670256 2569.863557 473.080993 2587.511164 7.276182 0.333333 1.589337 
580.515319 1216.526074 606.907948 1208.229817 5.519579 0.333333 3.606321 
501.114839 963.672046 523.644512 957.530906 8.333072 0.333333 1.014694 
2846.092216 2162.432429 2802.356574 2173.737976 5.795633 0.333333 0.551826 
673.964714 1190.282688 708.331761 1181.427434 4.841852 0.166667 0.016477 
2752.677723 2191.513313 2821.986986 2172.278521 6.748875 0.333333 8.830397 
3110.312474 966.925164 3051.636343 982.208760 5.091945 0.333333 4.860265 
1010.961455 565.428910 1024.888295 560.982844 5.193649 0.166667 0.633940 
747.478986 894.156153 772.829810 888.132650 4.340228 0.333333 8.148127 
759.521630 1167.408778 809.206149 1153.760332 4.330639 0.333333 4.997342 
368.019917 2166.821109 361.810634 2146.808476 7.305433 0.333333 3.995848 
458.424088 2500.736565 443.503195 2447.667219 8.984929 0.333333 24.892035 
476.255089 2569.444139 470.261371 2547.212043 9.193728 0.333333 0.454018 
1792.263105 388.362736 1740.920185 401.756541 5.153614 0.333333 9.326084 
2363.513751 2297.181706 2388.807851 2290.855056 10.611674 0.333333 3.047956 
1578.841036 1829.526840 1570.480768 1800.126924 5.481764 0.333333 4.700392 
1744.732334 1501.453886 1729.832355 1444.582669 6.135262 0.333333 15.253445 
390.341143 2250.956693 377.389264 2202.069923 7.817937 0.333333 27.643410 
2792.062066 1919.979210 2773.812384 1850.118895 5.340759 0.333333 13.270467 
1721.977735 1415.934118 1703.438485 1347.127334 5.484772 0.333333 11.916931 
741.672274 2220.019097 736.042590 2198.674233 5.149828 0.333333 1.354243 
1376.200523 905.335408 1383.790716 930.423594 5.959054 0.333333 0.714278 
1915.236825 1131.731245 1885.780969 1139.935010 4.542027 0.166667 3.500716 
463.619333 974.073646 502.255466 963.651526 8.813103 0.333333 10.845539 
1966.368266 341.286137 1933.921026 350.227595 2.946820 0.166667 0.891937 
1182.225240 516.818982 1206.257366 509.769461 11.354912 0.333333 5.317386 
1806.704108 1725.194177 1796.060582 1690.491405 5.688877 0.166667 1.140062 
692.699536 2053.509523 700.264353 2082.568062 8.417780 0.333333 12.639605 
1107.264932 797.306981 1126.244862 792.906885 4.495828 0.333333 1.949137 
2339.388996 199.427984 2360.487526 193.854582 4.971088 0.166667 1.510894 
2018.624977 327.496654 1991.398276 334.769746 2.955616 0.333333 1.503897 
1391.260949 499.532796 1446.153708 485.141679 5.071951 0.333333 5.942799 
2770.276077 1837.282643 2758.441465 1790.863003 2.733136 0.333333 3.751908 
729.532172 1175.004530 759.240757 1167.587311 2.971231 0.166667 3.812983 
1426.514231 1427.849218 1463.708159 1419.054764 4.907894 0.333333 0.024285 
1313.979133 1457.874620 1387.862700 1438.380853 4.114072 0.333333 11.259440 
2398.116852 2288.043213 2428.716991 2280.467234 10.307737 0.333333 4.528487 
2408.817589 1552.051823 2415.867854 1524.437002 3.355953 0.333333 0.046188 
430.337408 2400.073585 423.738030 2373.595303 9.706864 0.333333 6.497170 
2265.363845 219.720333 2300.181640 209.669276 6.351493 0.333333 3.417287 
2075.628442 313.138691 2044.758502 320.900290 2.392196 0.333333 1.713082 
1384.482189 932.524199 1391.214492 961.739157 6.153761 0.333333 3.171539 
1447.220387 480.518436 1421.089159 488.411643 3.550781 0.166667 0.278817 
2968.125740 2129.377734 2925.375984 2140.955535 4.524593 0.333333 1.308584 
2761.372314 1815.097560 2772.224548 1856.192880 5.064340 0.333333 1.480379 
2205.188145 281.504588 2285.736645 259.789120 3.904520 0.333333 10.391537 
2384.685610 230.539489 2266.585815 262.040835 4.273818 0.333333 22.646813 
1962.481291 2404.052728 1988.780863 2396.730786 10.440954 0.333333 1.188843 
2286.882816 259.404185 2389.395317 231.950865 4.310295 0.333333 16.474368 
1331.331101 739.182227 1341.148187 775.140902 3.732347 0.333333 4.748165 
2790.936126 1335.469927 2802.406478 1358.483129 6.144248 0.166667 0.037981 
435.970550 2419.278548 430.701200 2400.400450 8.679177 0.166667 0.544693 
793.033136 1616.533016 748.243081 1628.564581 4.270174 0.333333 2.102532 
1329.733592 515.772318 1373.489010 504.543430 1.971709 0.333333 2.394952 
407.469928 2316.441136 401.276267 2290.103716 9.590048 0.333333 5.160767 
2426.522316 1482.661446 2434.774898 1454.129120 3.722391 0.333333 0.946467 
422.430274 2364.582551 416.417704 2351.403931 7.456321 0.166667 1.123508 
2266.084286 262.295177 2199.378763 280.638685 4.067703 0.333333 2.096288 
3145.937174 956.656355 3117.173902 965.362509 3.645593 0.333333 0.771069 
1388.171729 1438.308775 1420.787821 1430.015335 3.637226 0.333333 4.509311 
1115.371346 1528.391224 1085.428187 1536.111676 2.304531 0.333333 1.526977 
1330.980006 1450.717931 1260.919375 1469.238574 4.222428 0.333333 4.238498 
2563.090978 1365.490622 2531.939008 1373.377811 2.431597 0.333333 1.713082 
3154.108557 959.752565 3185.136811 950.276487 2.246362 0.166667 1.862527 
1033.338371 1550.159315 1002.025416 1558.677906 3.140150 0.333333 1.309655 
2131.716093 301.266230 2174.559750 290.082776 3.056782 0.166667 0.173027 
997.784221 1103.073347 1036.498707 1092.937697 3.799038 0.166667 1.173246 
1682.169083 1281.449648 1692.332272 1318.343374 4.943231 0.333333 0.379098 
2185.966058 284.408533 2145.501618 295.160667 2.205137 0.333333 1.114068 
2838.395275 630.364103 2802.966535 640.045079 2.000651 0.333333 0.795036 
