456.849841 184.664918 484.467286 187.061538 3.627891 0.062500 1.869502 
523.102158 185.572003 531.849470 185.418662 3.858970 0.062500 4.897346 
808.584706 185.592884 806.226174 151.833001 2.815033 0.250000 9.953490 
239.418896 287.183271 201.791867 292.541179 4.409412 0.250000 17.252554 
292.024381 106.870973 255.547477 102.525794 4.108869 0.250000 19.338905 
187.357495 292.975222 236.519804 271.415398 4.559912 0.250000 27.164660 
169.943696 310.117709 181.141468 295.078821 4.969583 0.125000 3.792104 
663.456459 160.612181 664.184241 179.430719 2.836274 0.250000 2.728067 
715.630993 179.914532 739.378063 179.650753 3.749769 0.250000 3.811773 
880.682095 176.688171 889.732838 179.454051 6.813402 0.125000 0.067235 
236.491934 268.629991 241.296531 284.167343 4.124618 0.125000 0.008263 
926.092633 215.423817 932.255557 229.749047 6.568959 0.250000 2.575564 
304.190825 112.386021 291.224090 107.712734 4.662040 0.031250 1.305909 
531.845053 183.125690 531.325958 160.608840 2.758620 0.250000 7.448534 
589.760368 181.859319 588.897131 160.644445 2.904498 0.250000 1.130038 
716.074032 159.345179 717.324759 178.178145 3.157161 0.250000 1.307827 
254.356354 104.532504 231.583589 101.836563 5.618841 0.125000 1.776912 
774.375068 178.130035 801.870104 177.760593 5.033137 0.250000 3.804282 
209.584679 92.468514 196.792663 88.382790 5.573376 0.031250 8.669481 
253.512219 89.173530 292.823084 103.929334 5.261141 0.250000 17.157287 
574.795109 160.607290 575.744173 183.119976 2.971625 0.250000 4.884432 
304.493515 105.462924 315.936840 116.553234 5.441103 0.250000 1.156778 
811.864446 179.639142 838.222200 180.692265 4.746494 0.250000 0.766703 
880.340872 142.882743 876.948287 129.356618 3.637334 0.125000 0.545656 
910.591517 129.519181 925.650263 133.016214 5.805238 0.250000 0.156674 
223.093850 87.709571 243.112617 88.456763 3.057739 0.250000 12.541619 
243.081213 88.562821 253.186623 88.018008 2.967430 0.015625 20.988631 
651.871355 181.138083 686.876681 180.964953 2.635978 0.250000 12.250653 
231.412710 99.488051 210.073622 92.250725 3.654737 0.250000 11.679994 
561.861239 183.799300 635.628849 182.036013 4.042714 0.250000 16.795355 
190.612278 79.418885 226.726316 89.887902 4.872437 0.250000 13.678254 
195.900130 88.911319 178.020001 78.301956 4.228634 0.250000 2.709737 
389.405087 146.267565 355.612118 147.849874 3.608108 0.250000 8.504872 
203.425626 292.476828 183.421796 302.469161 3.359029 0.250000 6.268134 
411.864192 200.105378 390.597392 200.547741 2.525454 0.062500 1.744316 
740.614461 183.855082 716.848888 184.336823 2.600818 0.250000 8.327199 
800.639242 157.468323 660.628284 158.550082 4.758413 0.250000 90.787549 
293.433402 103.239744 303.062373 105.855534 3.618845 0.062500 6.363070 
685.614958 185.306859 664.346692 185.978175 2.932547 0.250000 10.408080 
633.778760 180.657337 632.689907 160.580803 3.308664 0.250000 2.050654 
355.622981 201.819681 284.331082 204.421697 2.698884 0.250000 34.573106 
929.051745 166.992221 936.733679 188.176247 3.099232 0.250000 2.050654 
711.882869 184.631661 689.365711 185.322003 3.978070 0.250000 3.667055 
863.297665 187.113404 843.449206 183.725563 6.400926 0.062500 7.766607 
917.803273 229.724986 920.865872 210.663701 8.044312 0.250000 1.934605 
263.207621 148.963442 252.937816 149.975436 3.958975 0.031250 3.847746 
775.401166 159.389006 776.496773 176.898666 3.352372 0.125000 0.165864 
851.875351 177.282119 811.874304 177.316571 2.513995 0.250000 14.349774 
356.868961 206.523507 378.198575 206.157016 6.334976 0.031250 9.660424 
354.373991 140.598820 391.914574 139.151383 4.614095 0.250000 23.423018 
811.892667 159.671048 890.660532 154.970405 3.761448 0.250000 18.934711 
250.603799 142.877903 288.113461 143.670836 5.025302 0.250000 14.165478 
659.386106 186.175770 638.119547 186.604589 2.751491 0.250000 2.783826 
839.417333 179.079702 885.613924 185.702264 3.011167 0.250000 6.491066 
817.912879 152.593984 832.849873 150.814972 8.630018 0.250000 7.906623 
893.826458 131.755153 891.309663 143.274587 3.101154 0.062500 0.564838 
798.177173 183.875561 753.142604 185.050027 9.203257 0.250000 50.108256 
940.531639 143.010761 953.325493 186.304533 9.754466 0.250000 48.818542 
930.550012 192.285464 854.331862 178.361127 3.582522 0.250000 23.521916 
683.213314 179.427496 682.308826 159.411882 2.383319 0.250000 2.139651 
862.867986 143.462214 895.665022 146.433191 7.469416 0.250000 17.934161 
35.206722 263.342079 28.864857 214.604032 4.737190 0.250000 33.830626 
352.055134 193.276763 353.597274 140.638836 7.826235 0.250000 27.591077 
893.249900 146.745196 944.525119 144.976156 7.538641 0.250000 35.007562 
391.788167 204.987769 409.470826 202.578234 4.390750 0.250000 2.451999 
521.024737 160.617902 521.402741 181.905582 2.566184 0.250000 5.085653 
253.146155 227.238699 247.099489 206.808558 4.928779 0.250000 14.046583 
288.569877 144.353147 287.415309 186.889666 4.523332 0.250000 26.582763 
311.453595 270.922299 272.449891 288.174695 7.474692 0.250000 42.710808 
492.383151 139.283309 494.209492 149.404864 4.134336 0.250000 2.908659 
802.795843 151.893336 804.330710 179.447098 4.369901 0.250000 4.049813 
409.351440 202.721832 402.553978 224.194233 4.826788 0.250000 14.333574 
490.084097 130.426966 491.560328 135.712880 3.611793 0.031250 1.577104 
617.261029 160.620755 617.481067 180.632080 1.469825 0.125000 1.273196 
880.640233 153.448739 861.872967 154.331785 2.071126 0.250000 2.306599 
635.611895 186.605110 616.845446 187.516361 3.163937 0.250000 8.039957 
395.923744 232.815034 343.962898 249.328271 7.480779 0.250000 46.311705 
855.628063 160.272101 833.118909 160.076720 2.695199 0.250000 5.675921 
850.620153 155.461113 808.083422 156.719109 2.498907 0.250000 8.291414 
551.862448 189.079696 538.084210 189.665341 2.975496 0.250000 4.112779 
602.004985 187.484288 576.839939 188.536323 4.682370 0.031250 29.059407 
634.378494 158.955520 615.623567 159.034432 3.807820 0.250000 5.157810 
31.233378 175.165755 42.749661 127.730403 4.718503 0.250000 27.288547 
934.601058 205.756685 869.360262 199.529400 5.622296 0.250000 42.926425 
317.464097 266.547947 311.643865 270.262879 5.178576 0.062500 9.552197 
330.564339 258.839807 318.815913 265.951380 6.669787 0.250000 4.243826 
255.684068 288.016507 247.799107 283.723578 5.184225 0.125000 6.403113 
951.703768 185.065665 944.992678 202.118091 7.931990 0.250000 20.338735 
242.979452 279.482784 241.805576 264.283819 6.808977 0.250000 0.331199 
851.912683 162.399193 914.359549 157.910070 2.933700 0.250000 31.300119 
286.836048 208.312091 353.180182 205.880792 4.937706 0.250000 92.278561 
945.890537 202.364693 950.153254 210.861663 5.328477 0.250000 0.134873 
402.637315 224.460626 396.266973 233.967578 7.290212 0.250000 1.156778 
948.266079 210.132516 933.904236 206.018357 4.981939 0.062500 11.629718 
246.673568 255.547030 251.533089 242.992654 6.543082 0.062500 12.275220 
618.186958 186.980051 603.104182 187.669694 4.317038 0.015625 4.292046 
251.586722 243.002929 252.777428 227.998224 4.687680 0.250000 11.000664 
852.942863 142.335891 861.989551 143.298978 5.765850 0.031250 9.564434 
392.823088 139.378826 393.409247 185.637237 3.069966 0.250000 33.780248 
836.160245 138.185119 852.018100 142.612442 7.028185 0.062500 8.863515 
663.120900 178.973263 635.623764 179.253904 1.479562 0.007812 11.847583 
241.567804 144.325839 240.065977 191.896814 4.221450 0.250000 22.435079 
344.058740 250.938427 330.814094 258.848651 5.574564 0.250000 13.844848 
846.875925 151.476588 828.126026 151.433073 1.290611 0.015625 5.176657 
715.635574 177.702730 684.374707 178.102068 1.585198 0.250000 1.102479 
271.863587 287.837016 255.540148 288.483920 6.393595 0.250000 11.589528 
890.660556 157.363716 856.816869 159.825995 2.516552 0.250000 2.201940 
869.468104 200.225047 841.800814 201.451649 4.552188 0.250000 23.969320 
62.195983 321.739290 37.758639 273.951563 5.412742 0.250000 26.320302 
42.441965 128.412095 62.396101 89.005907 4.631216 0.250000 29.201773 
242.411272 263.919268 246.278744 255.221502 4.821580 0.250000 3.510719 
575.660463 188.523214 551.894570 189.034563 3.480243 0.015625 15.446320 
395.633337 153.585020 819.391547 151.519065 8.755990 0.250000 527.188321 
810.454925 173.386886 831.855952 175.794325 1.234331 0.062500 0.677720 
591.874740 159.399854 536.880738 158.825558 3.893377 0.250000 10.090673 
867.402820 165.598675 868.089991 179.376746 2.745958 0.015625 4.156565 
464.479031 279.348050 467.063876 289.326071 3.899816 0.062500 8.658157 
484.383119 159.501079 474.374612 159.428782 3.767961 0.125000 0.532550 
259.336964 208.123131 283.138543 208.485534 6.439578 0.031250 25.629392 
833.910635 191.566640 826.886086 188.102521 5.590085 0.062500 7.627961 
39.139715 273.584526 36.123094 263.834165 3.668254 0.031250 10.892198 
399.552451 288.197077 398.364843 270.524879 6.896427 0.250000 5.957416 
224.472028 153.138953 228.774648 123.218420 5.838700 0.250000 18.708674 
752.002529 183.399738 744.346985 184.040048 2.803860 0.031250 1.577104 
574.370146 180.470135 533.121494 181.763144 2.694593 0.250000 12.274298 
534.384579 183.663674 560.626281 183.197052 1.716498 0.250000 0.377180 
465.674372 193.420839 400.694635 194.568315 7.962307 0.250000 44.480836 
468.696428 289.254764 464.387959 313.570272 5.655298 0.250000 5.589688 
842.736502 205.198048 836.279888 192.169932 8.395079 0.250000 2.708995 
91.124304 350.129769 62.921734 322.079368 4.488740 0.250000 26.077053 
242.217381 122.992535 240.980030 143.146797 5.625468 0.250000 4.991957 
25.636611 216.875272 26.663000 173.120027 6.541419 0.250000 13.092560 
249.384412 225.626309 246.048317 249.607777 3.402235 0.125000 8.579411 
450.137938 161.824528 449.714566 186.880738 2.752704 0.250000 3.763408 
456.879733 159.668488 435.615105 160.011433 2.822183 0.250000 2.783826 
414.691909 260.406270 428.659480 280.643358 8.621376 0.250000 8.321967 
510.506939 203.935891 506.038790 217.856601 3.996740 0.250000 1.534332 
834.364023 153.521743 850.627412 153.312518 1.426773 0.015625 2.774596 
62.138695 88.358778 100.909077 44.626848 5.572653 0.250000 36.219425 
688.124995 180.624858 714.384728 179.632398 3.888951 0.031250 22.878168 
831.475623 148.142286 838.834563 138.347198 8.999585 0.250000 7.682869 
829.441416 174.000541 810.403495 170.623858 2.461581 0.062500 8.116082 
914.377953 155.667399 895.631843 156.973229 2.289333 0.015625 26.298483 
110.849069 362.193982 92.258764 350.038100 5.552955 0.250000 14.083857 
283.254460 206.925192 284.803761 164.345119 2.702126 0.250000 12.107672 
388.163167 203.966999 360.606465 205.216105 1.761602 0.250000 1.055874 
822.102580 184.978200 798.240205 184.016487 8.793240 0.250000 15.705819 
410.867940 292.502838 398.751127 287.771506 10.024759 0.250000 8.424042 
448.131128 183.379928 405.625640 184.401620 2.240867 0.250000 11.278489 
172.612869 389.615963 124.399053 373.054976 5.793125 0.250000 35.803036 
615.635477 179.746488 591.869127 180.416755 2.604723 0.250000 2.957800 
836.883601 162.474025 811.870810 162.833156 2.768925 0.250000 4.663263 
519.366595 181.618784 485.611915 182.726142 2.621612 0.250000 4.964421 
426.148139 282.568120 420.819134 289.523735 7.009884 0.125000 7.553795 
771.868841 176.394731 740.623980 176.795440 2.644062 0.250000 6.824774 
535.681265 189.479830 519.355599 190.157827 2.912785 0.031250 9.164425 
448.374533 232.751243 443.921004 244.672373 7.025737 0.250000 0.639685 
800.581437 175.721984 799.355942 159.376429 2.553772 0.250000 0.377180 
244.645507 211.797058 248.827857 226.312314 3.277665 0.062500 3.355846 
515.619180 194.177953 488.106261 194.990556 2.609619 0.031250 13.722050 
405.613773 186.426549 435.626257 185.675196 1.875280 0.250000 2.089839 
279.743689 290.154919 316.134189 272.952131 3.493009 0.250000 6.960841 
246.908330 209.425827 247.647322 154.418962 6.400561 0.250000 21.244283 
518.146010 190.073875 466.829653 191.616544 3.860988 0.250000 31.614518 
489.175592 148.142961 486.576647 119.289282 3.073500 0.031250 18.869062 
452.537957 202.248402 436.695900 212.857560 4.182655 0.125000 4.988392 
127.053224 29.960953 171.722683 16.374225 5.715309 0.250000 35.150263 
443.770110 309.750060 421.983674 318.398754 3.502976 0.250000 2.265157 
753.140739 187.319081 516.921643 195.691050 5.970894 0.250000 242.482162 
486.894076 195.160986 466.845210 195.647586 1.188605 0.015625 1.261922 
228.488423 365.853345 191.986059 374.826767 3.702301 0.250000 6.960841 
259.320935 164.799467 285.621855 163.076978 3.801687 0.031250 8.431709 
683.127025 160.749732 714.389078 160.242237 2.864877 0.250000 11.043261 
744.372038 179.278485 770.635661 178.472345 1.978054 0.250000 6.266501 
94.181380 52.219528 127.891290 29.642424 5.516722 0.250000 35.776737 
358.119192 162.504664 385.616852 162.758323 2.534485 0.250000 3.500391 
265.558037 345.505112 229.413314 365.693595 3.372339 0.250000 12.940020 
397.209989 270.099446 412.900996 262.843815 10.040558 0.250000 10.388795 
634.374928 160.918849 661.875232 160.925566 1.256718 0.007812 11.392138 
305.599709 308.097942 266.167414 344.955308 3.373348 0.250000 32.878091 
334.311613 294.135500 315.552327 299.100414 3.554301 0.125000 6.766325 
405.624124 162.397817 445.625572 162.349621 3.793673 0.031250 10.200392 
738.127602 159.940781 770.626914 159.791337 1.393685 0.250000 2.306599 
448.124324 167.897631 411.874644 168.005332 1.350268 0.250000 2.908659 
420.622094 318.217834 399.353806 317.552144 2.889830 0.250000 8.631635 
484.377086 162.223462 519.375832 162.013947 3.757416 0.015625 8.245734 
885.755539 186.167280 916.869243 191.906211 2.362954 0.250000 0.797739 
459.115687 278.296583 456.730791 292.066518 2.628395 0.062500 5.611584 
225.705592 387.368329 173.144562 389.798153 5.666091 0.250000 29.580895 
456.906681 293.149557 444.346884 309.353207 3.086777 0.125000 7.107467 
356.154016 171.873801 356.224870 203.126474 2.562339 0.250000 12.673613 
239.895150 193.102681 239.274896 248.123872 4.703785 0.250000 27.130412 
250.796526 171.842343 249.659751 209.383622 3.142024 0.250000 13.175725 
443.132628 176.301116 404.373459 176.738412 2.810087 0.250000 5.707273 
684.369691 167.265739 715.626221 167.072633 1.427593 0.250000 0.500419 
225.358071 248.018953 218.473968 184.202514 11.380812 0.250000 82.031318 
287.212196 188.105297 287.132648 201.883704 5.660916 0.125000 0.415469 
919.241414 210.430697 895.554344 207.433376 3.563412 0.250000 8.220215 
152.504895 179.357598 152.222522 189.419831 4.787645 0.062500 1.744316 
404.465469 335.398974 359.642003 317.457927 6.265448 0.250000 33.821860 
325.759001 78.595358 354.656400 70.362746 6.514169 0.250000 11.989148 
354.479059 68.362352 395.973754 50.170491 6.068209 0.250000 30.978550 
391.880028 168.491333 358.119231 168.954680 1.695884 0.250000 12.673613 
190.618799 374.756195 153.128719 374.146353 2.946946 0.250000 5.957416 
244.417609 250.115894 237.467840 266.597903 2.733512 0.062500 2.918842 
291.918531 56.811373 323.959454 78.732384 6.460615 0.250000 25.669478 
456.765105 301.839794 462.068142 285.286425 10.332293 0.250000 2.193750 
441.371770 242.425362 434.626723 220.938372 4.021719 0.250000 5.373062 
399.367476 318.148223 364.027314 306.698115 3.082230 0.250000 5.980157 
171.892006 16.208262 211.858031 15.043005 4.852157 0.250000 39.977083 
359.361137 149.686366 388.123325 149.261576 2.592024 0.031250 7.831496 
235.134586 215.623920 235.144669 199.373926 5.628101 0.250000 0.166977 
883.074318 205.081280 898.086712 206.158557 4.366665 0.062500 1.060255 
391.882465 184.645092 358.123705 185.578127 2.009287 0.250000 9.243968 
362.861407 316.651119 342.894585 311.521962 7.297488 0.250000 8.395022 
949.345954 215.795359 929.289618 212.375779 3.878415 0.250000 6.268134 
209.089429 14.381977 240.966017 21.623969 5.098200 0.250000 31.537830 
395.594544 51.054907 428.142670 50.576040 5.367234 0.250000 21.749885 
519.736603 197.411350 510.823990 203.420154 3.229905 0.125000 2.121069 
658.124479 158.083519 638.111945 158.334641 2.735065 0.250000 11.337499 
899.264066 205.327687 920.517004 207.802453 2.338644 0.250000 1.631068 
851.937644 206.548576 838.250613 207.476940 3.340175 0.031250 0.029393 
169.101059 343.971608 163.080810 348.059928 5.209022 0.125000 0.532550 
380.643805 243.171701 403.469550 233.980683 3.688902 0.125000 5.628946 
590.620307 161.279066 615.628600 161.082119 2.657423 0.250000 4.663263 
251.869150 199.212041 280.626962 198.179649 2.280643 0.031250 1.999630 
156.782996 374.731762 116.859278 364.435965 3.166313 0.250000 6.922011 
434.435548 233.086717 442.580714 245.969136 2.283534 0.125000 0.427703 
349.385143 251.904740 379.314250 241.696884 2.879478 0.250000 4.851104 
590.618362 168.490383 615.626334 168.302737 1.400030 0.015625 3.671510 
661.872774 165.273201 634.373875 165.447185 1.392328 0.031250 7.311456 
926.746359 208.794878 949.140643 213.095383 2.406257 0.250000 3.361302 
151.791812 190.602138 152.404840 221.889111 2.915807 0.250000 23.980759 
774.370375 163.803502 739.372667 164.086740 2.742701 0.250000 7.984823 
484.375853 169.636100 519.375480 169.521694 2.504073 0.250000 7.439288 
885.597885 206.583188 863.115888 205.946987 3.100096 0.250000 5.675921 
533.123982 161.786767 553.135740 161.555872 2.701734 0.062500 5.937299 
363.399222 304.905377 335.642755 294.328408 2.948495 0.250000 4.330655 
506.848214 219.096194 463.022367 223.306733 5.025929 0.250000 36.254009 
391.878418 193.251760 358.119256 194.161973 1.923350 0.250000 5.157810 
769.364489 170.054654 741.850797 170.561711 3.588135 0.031250 20.052859 
148.448385 287.760094 153.807513 274.151521 12.968674 0.250000 2.600815 
151.949417 144.382527 148.657431 176.928854 4.374200 0.250000 10.305705 
218.610976 317.341654 213.533529 322.293860 4.474254 0.062500 1.630617 
268.208856 34.478026 292.344778 55.280257 6.005446 0.250000 31.089344 
205.438739 325.746078 199.583891 316.739212 11.109340 0.250000 4.523966 
411.876672 170.701270 445.637851 169.961334 3.047188 0.250000 5.080627 
391.878074 177.010177 358.117106 177.777854 1.931658 0.250000 6.824774 
444.702007 245.404826 460.584528 268.993876 6.981300 0.250000 24.151340 
433.130512 335.329498 405.593462 334.815885 4.192249 0.250000 13.182746 
394.995193 54.182781 356.950035 70.796825 3.922059 0.250000 8.082183 
484.834052 123.086337 485.992768 136.844025 1.756828 0.015625 6.200115 
430.432751 49.741924 463.126669 66.871815 7.594700 0.250000 21.832038 
863.117092 203.853195 883.114734 204.070363 1.467107 0.031250 9.531319 
354.373966 194.335701 290.635215 196.013154 1.709967 0.250000 15.836564 
593.127960 175.855922 611.890899 175.615423 2.515816 0.250000 2.728067 
744.369565 166.596436 774.382528 166.010861 1.834972 0.250000 9.168109 
554.338900 161.782993 573.142544 161.277177 2.902449 0.250000 6.521019 
461.785037 66.523792 480.903554 95.026606 5.925037 0.250000 29.076409 
710.634378 171.253209 686.871013 171.607957 2.648989 0.250000 4.518246 
122.978516 368.658652 149.303706 375.884730 3.947116 0.250000 4.034451 
240.150005 20.254023 272.702224 37.844141 6.297609 0.250000 37.363452 
420.583376 290.454695 411.461731 292.684110 8.796586 0.250000 6.566467 
464.854616 312.466323 452.784292 326.583695 4.337095 0.250000 15.153979 
261.886970 293.191928 279.277788 290.081480 2.591035 0.250000 0.377180 
316.300231 272.131054 351.196466 251.951614 2.568735 0.250000 20.306013 
477.627252 91.256379 486.850917 121.110034 6.534834 0.250000 27.922098 
573.120221 166.279070 533.122793 166.599802 2.760523 0.250000 9.953490 
240.634844 246.622325 221.885649 246.499499 10.057105 0.250000 13.242159 
744.376073 173.164049 769.391532 172.476492 2.533400 0.250000 5.677621 
203.219206 271.620708 199.893433 254.040454 12.215689 0.250000 11.602329 
403.670384 232.452187 413.946594 200.487274 3.356688 0.062500 10.322457 
149.440499 221.875262 149.640569 171.876063 1.445060 0.250000 10.133379 
639.367458 174.877954 660.627911 174.663320 2.689153 0.250000 3.361302 
610.642508 158.514643 594.367669 158.688425 2.660018 0.250000 2.306599 
256.855272 375.569436 224.052390 387.216391 5.172462 0.250000 33.708721 
475.351886 92.393819 454.978057 65.173623 4.518469 0.250000 4.169237 
484.863385 150.570100 480.067570 107.906635 3.976747 0.250000 14.153285 
504.359275 177.517532 518.132403 177.160990 2.757944 0.031250 2.439052 
710.625977 164.611947 686.871228 164.709871 2.597882 0.250000 6.857377 
533.104642 169.154218 571.881817 168.617471 2.984179 0.250000 16.259853 
639.375264 168.134286 660.643609 167.530521 2.960112 0.250000 8.039957 
154.143855 353.555489 146.664758 327.822799 13.132771 0.250000 27.733188 
356.850603 71.820146 346.066060 76.616682 2.792235 0.062500 2.247623 
611.874169 165.583808 594.356076 165.937365 2.802166 0.250000 4.495713 
341.214495 310.750569 316.460496 325.291381 6.331163 0.250000 9.626762 
499.388383 175.087387 486.869319 175.322571 2.663908 0.031250 5.287616 
410.636279 199.787043 438.149880 199.033887 3.012133 0.062500 10.588300 
570.619759 173.849243 539.372864 174.160751 2.798939 0.250000 8.268991 
253.125275 154.326969 283.124291 154.498739 1.257137 0.031250 9.483792 
445.732988 60.360271 435.410952 56.149734 3.944355 0.062500 3.769547 
149.533911 375.597688 165.689370 377.607601 3.572835 0.031250 15.796857 
179.231238 378.006098 204.477887 375.354691 3.207261 0.250000 9.060280 
360.317765 307.734257 395.709437 320.388851 4.129853 0.250000 13.788792 
205.468209 374.861097 215.556346 372.790512 3.306358 0.062500 2.728697 
434.438174 54.834022 395.647956 53.633354 3.554842 0.250000 0.999665 
479.096709 106.970836 474.466037 93.524114 2.888187 0.250000 1.102479 
433.813254 238.492667 430.497671 222.154508 3.657112 0.125000 5.512668 
658.126932 172.420194 636.872769 172.495524 2.575300 0.250000 3.906122 
130.623497 178.052842 96.862109 178.756273 3.592955 0.062500 8.480235 
610.647617 172.741821 593.094338 173.199812 3.650915 0.062500 5.229031 
332.045586 81.053537 314.273660 77.363007 4.434130 0.125000 3.536902 
345.665450 77.027506 332.748017 80.453698 2.663268 0.062500 7.509384 
303.275505 342.070068 262.908851 373.214966 5.822867 0.250000 32.385160 
60.097670 312.314013 81.704221 338.267177 3.369336 0.250000 0.436429 
217.708517 371.802483 231.650444 367.411936 4.703234 0.031250 5.324187 
462.576894 222.997633 447.297441 232.550667 5.698562 0.250000 9.224030 
241.244660 362.925973 262.481922 350.404370 3.286281 0.250000 6.566467 
437.293527 317.366652 455.569073 301.809301 3.768161 0.250000 3.161223 
539.327894 177.020039 553.159335 176.430385 4.172525 0.031250 5.898196 
453.316889 326.026648 434.161545 335.178212 4.712277 0.250000 12.110239 
863.141672 186.770743 883.227699 189.982786 2.813397 0.062500 6.607348 
131.369239 32.278324 103.025932 49.209153 3.247813 0.250000 3.546228 
313.066131 77.198811 280.210087 49.873900 3.986718 0.250000 8.581449 
689.344551 174.164099 713.136322 173.668222 2.942262 0.250000 6.258144 
95.986966 54.808375 70.830566 82.164552 2.940534 0.250000 11.381047 
166.855893 377.429200 178.135581 377.818078 5.083170 0.031250 1.094899 
44.489334 131.609178 34.196470 175.583212 3.133720 0.250000 9.333489 
233.390932 22.501929 196.987376 17.333490 3.728031 0.250000 3.409179 
421.894312 315.670672 443.508214 306.531267 3.500032 0.250000 0.660772 
166.929463 20.798795 131.849024 31.792108 3.292724 0.250000 7.463117 
317.900241 325.371500 303.081439 340.617701 3.786454 0.250000 16.756039 
335.921850 297.328711 360.326227 306.426449 3.395829 0.250000 6.708685 
70.930554 82.058005 53.086206 111.851765 3.228602 0.250000 7.044504 
53.175165 112.608978 45.457807 130.553094 2.629883 0.250000 0.697240 
413.146993 321.976654 437.126754 316.788647 3.465456 0.250000 2.709737 
444.197455 305.490959 453.532396 293.126282 3.521395 0.125000 5.108666 
160.193640 333.739780 168.745718 339.740346 4.491230 0.250000 0.481538 
306.045420 305.284482 297.076875 294.211492 7.819151 0.250000 0.436429 
451.700293 261.044774 434.747276 239.087568 2.830174 0.250000 9.819344 
208.351477 246.552420 221.427094 255.732547 11.470807 0.250000 3.720923 
251.883456 182.205041 279.397421 181.500121 3.043436 0.250000 1.612512 
382.113187 159.141567 364.414561 161.001463 3.235103 0.125000 0.910180 
334.459529 291.628942 359.509223 300.234284 2.915158 0.250000 2.347395 
454.362158 292.044313 456.782056 274.362280 3.206896 0.125000 8.243598 
358.120666 187.724010 378.131839 187.507702 3.938934 0.015625 11.929630 
280.292456 48.605732 257.211026 32.639236 3.246225 0.250000 5.896473 
359.363814 301.906892 395.546915 314.597631 3.080737 0.250000 8.001968 
396.820900 314.535683 420.631756 315.448838 2.546066 0.250000 5.677621 
32.515979 224.461562 37.142832 257.014598 2.487674 0.250000 7.116718 
171.815309 331.733887 173.913179 349.429750 2.318071 0.250000 0.377180 
259.666910 33.671088 234.354610 23.174168 3.773094 0.250000 1.626491 
556.857750 176.361615 569.381007 176.239111 2.622151 0.031250 17.057069 
195.601316 17.908063 168.020645 20.919138 2.870545 0.250000 5.809284 
37.110250 258.046005 48.184291 291.024831 2.343728 0.250000 6.351476 
49.104179 292.025464 59.953656 311.553508 2.549783 0.250000 3.939453 
253.166537 173.099931 283.132081 172.083812 2.636091 0.125000 3.213468 
396.812303 320.011538 411.912053 321.498819 2.978074 0.250000 2.908659 
263.024314 350.507124 292.610272 325.235807 4.059285 0.250000 12.717377 
281.878777 161.255113 253.122228 161.079888 3.757547 0.062500 15.031418 
456.170665 275.077336 452.121156 261.799924 3.383571 0.250000 1.551678 
828.072015 186.081451 849.469001 188.565201 2.250583 0.031250 10.884411 
318.000423 301.326795 335.721527 297.299773 3.767720 0.250000 1.519674 
515.628993 174.865213 504.369558 174.956929 2.581371 0.031250 6.583895 
82.573114 338.898645 108.006199 357.041537 3.059449 0.250000 4.120824 
109.001999 357.960634 144.147887 370.036021 3.358359 0.250000 4.541889 
151.591678 171.664392 153.954853 182.511207 3.526282 0.125000 0.532550 
194.342298 371.745720 226.090412 363.714906 3.285998 0.250000 6.147076 
145.579652 370.652466 193.108505 372.339671 3.385331 0.250000 11.268034 
32.649165 213.169945 34.298567 230.632219 2.216559 0.250000 0.500419 
147.733085 178.124728 147.702704 221.874707 1.277776 0.250000 7.123079 
137.001205 145.556008 150.728029 144.089133 4.971694 0.062500 6.582867 
240.569557 356.768340 250.488499 351.612400 2.262154 0.062500 4.714839 
256.869157 150.997528 281.868048 150.831058 1.399798 0.062500 2.941342 
455.393355 205.495811 468.162968 203.351057 3.077059 0.062500 5.611584 
358.109485 196.126100 378.126790 195.711396 2.861938 0.015625 6.342232 
292.412731 324.908018 306.832906 310.582627 2.695353 0.250000 6.521019 
119.461601 159.599667 131.603076 154.919556 3.316639 0.125000 3.034008 
264.249353 342.990514 302.978857 306.806512 3.173298 0.250000 18.916469 
226.810343 362.982102 240.002961 357.012855 2.602480 0.062500 7.509384 
226.093546 271.312783 211.027889 277.809312 9.024732 0.250000 0.183722 
66.871481 201.765769 100.666947 200.676858 2.942957 0.250000 0.212601 
250.880124 351.006428 263.559979 342.525325 2.442619 0.062500 14.347799 
123.202331 210.317843 91.855632 212.888863 1.355731 0.062500 0.270352 
280.621897 196.597016 251.875479 196.917890 1.389441 0.062500 2.728697 
529.408468 174.943037 523.073753 174.833299 5.107504 0.062500 6.363070 
200.807741 283.472211 175.048465 297.029571 1.994863 0.125000 0.165864 
224.414974 316.892083 217.384822 333.342870 6.238414 0.125000 2.927173 
798.118774 161.710118 778.100117 162.466059 1.532122 0.125000 0.480524 
56.739590 167.746338 110.739874 163.256667 3.529966 0.250000 53.177914 
735.674094 164.377974 718.102905 163.686223 3.038963 0.250000 6.521019 
95.650361 179.751619 69.351267 181.522552 3.166211 0.250000 5.268295 
43.003306 172.838325 55.842750 167.387953 5.264658 0.125000 3.314359 
488.170593 200.311774 460.614192 201.652938 2.861636 0.062500 5.183843 
279.371084 179.142206 251.878863 179.604651 2.352484 0.125000 0.610640 
451.877285 198.198984 510.648432 196.383569 2.021275 0.250000 10.907852 
502.391246 217.064549 506.625163 205.533268 3.368563 0.125000 3.034008 
469.313461 203.337342 491.882347 201.998883 2.199608 0.250000 2.139651 
162.507176 268.671898 173.653453 281.263713 6.122020 0.250000 2.102314 
155.791233 144.388146 154.506338 160.635387 2.034487 0.125000 3.126567 
127.126681 218.086524 114.380511 215.596786 4.376168 0.125000 1.366164 
195.741854 311.939750 201.685797 301.212801 7.284372 0.250000 7.246718 
79.337549 197.787165 106.914366 194.730114 1.581472 0.125000 1.092104 
285.628436 126.649107 325.619185 127.257336 2.879898 0.125000 10.340369 
735.675994 170.614129 719.351587 169.953918 2.902060 0.250000 0.481538 
173.503067 289.381343 164.947920 303.978166 4.649333 0.250000 3.507477 
358.129183 174.177363 381.894994 174.680399 2.843317 0.062500 1.856584 
207.420676 298.839881 218.664384 302.870258 7.992390 0.250000 4.683907 
719.374188 167.439461 735.625304 167.446737 2.500000 0.250000 2.306599 
67.998323 195.997080 108.065930 190.215621 2.997493 0.250000 2.295790 
163.665981 325.166969 169.357788 331.889573 5.431392 0.125000 3.306418 
348.124974 163.095819 313.125002 163.127000 1.261136 0.250000 2.306599 
173.050597 349.529420 164.076388 360.377981 4.482997 0.250000 3.204436 
290.625919 152.104662 349.374978 151.869458 1.405126 0.250000 13.143679 
224.349765 291.232666 246.864123 290.348146 1.543461 0.062500 4.078766 
279.381288 169.656470 263.111483 170.019915 1.556768 0.031250 8.018600 
245.737078 105.755988 260.712052 107.255846 2.979626 0.125000 0.875989 
290.625241 169.423841 348.130016 169.139536 1.478643 0.250000 13.143679 
291.842851 190.169820 349.416655 189.084328 6.343142 0.250000 56.180989 
255.613663 85.964598 214.326217 84.586292 2.290080 0.062500 8.361021 
290.626555 160.882382 348.124456 160.534904 1.385949 0.250000 12.541619 
220.606707 155.483902 159.253526 163.438024 2.203892 0.250000 18.025859 
244.475589 245.623110 243.864552 213.111101 5.069583 0.250000 10.361419 
161.907734 160.874210 220.629728 153.160999 2.279071 0.250000 13.813044 
294.322374 180.878968 349.350740 179.589621 5.574840 0.250000 28.755712 
409.963694 228.099724 402.083080 239.930994 7.977175 0.125000 1.720814 
481.874999 149.374699 421.870781 149.628851 1.456471 0.250000 12.779597 
694.375000 151.875000 663.125000 151.875000 1.250000 0.250000 1.102479 
290.621670 197.990331 348.117430 196.568810 1.527677 0.250000 19.164279 
154.281192 187.290079 196.863713 185.374150 4.039805 0.250000 10.829721 
278.123947 140.704953 244.363342 140.260440 1.529658 0.250000 1.704539 
358.140316 158.338573 376.883564 156.994417 1.872689 0.062500 1.073493 
400.633926 99.328602 375.598554 94.512473 3.776101 0.250000 1.125419 
375.281704 116.233898 388.117347 109.360707 4.130515 0.125000 2.126144 
343.133477 171.043294 290.629708 172.107298 1.806924 0.250000 10.727276 
267.041517 120.054769 286.479063 125.730869 3.503877 0.125000 1.844818 
129.425862 184.813540 69.363928 191.779536 2.105736 0.250000 13.813044 
365.627858 96.547794 306.870679 96.729748 2.616114 0.250000 21.416271 
244.245045 268.305818 264.403040 265.855694 2.330913 0.125000 1.682768 
259.740509 110.232868 268.163347 118.083860 3.280829 0.125000 0.532550 
361.505484 119.013156 374.470357 116.040949 3.554056 0.250000 1.551678 
93.164952 187.155643 116.966437 183.767299 1.946530 0.062500 9.407538 
144.844743 199.396640 145.996633 174.392120 1.363722 0.125000 0.427703 
211.861730 174.243472 181.914339 177.264911 1.620119 0.125000 0.875989 
325.672163 126.115072 353.277384 123.458425 3.253781 0.250000 9.078954 
69.351186 178.887394 86.870448 178.031792 2.740922 0.125000 0.037010 
46.707986 233.666737 34.322922 229.848494 10.382430 0.250000 0.919618 
151.667175 321.503835 163.161201 324.221918 6.945238 0.250000 7.116718 
198.062722 186.278309 215.503200 184.458020 2.281323 0.250000 1.102479 
431.920318 214.905280 416.802837 215.290102 7.783852 0.250000 20.557992 
153.287000 261.682293 160.695766 269.306231 5.170043 0.125000 1.366164 
73.316694 232.961971 50.457830 234.837008 7.781466 0.250000 10.952371 
384.484725 256.705049 374.335494 257.736136 2.866219 0.125000 1.361500 
130.601703 234.665872 107.946684 232.851372 8.622273 0.250000 8.354523 
108.183357 230.341330 74.255141 232.390260 5.518360 0.250000 27.230333 
99.400433 219.965795 79.369716 220.242541 3.732374 0.125000 2.165591 
