523.101375 185.680831 530.623161 185.532021 2.623136 0.061111 3.666274 
235.717564 287.552374 208.050944 291.333067 3.438633 0.061111 39.719127 
284.490865 105.181379 250.642737 102.865740 3.879228 0.061111 53.867079 
180.279478 296.081753 233.560067 272.873824 3.606666 0.061111 87.236582 
301.598944 111.422082 282.924324 104.954430 3.226557 0.061111 25.463570 
718.114398 179.995668 736.880130 179.679522 2.562812 0.061111 24.293074 
250.567346 103.657634 241.773684 104.364375 2.692242 0.061111 3.657117 
775.601308 178.240976 801.865959 177.692262 2.891089 0.061111 32.484465 
240.091715 103.985460 215.564450 93.263513 3.861467 0.061111 35.057850 
216.734103 94.798245 186.730180 84.810030 3.160104 0.061111 42.839341 
258.877091 92.170520 307.018412 107.679847 3.808579 0.061111 84.176334 
816.869378 179.457893 843.252354 181.247332 4.418105 0.061111 29.177560 
204.283640 85.789823 254.317165 89.020652 4.427976 0.061111 78.031141 
665.620275 181.142331 681.877660 181.037497 1.354758 0.061111 1.229357 
619.365468 182.544774 631.882625 182.339137 2.540728 0.061111 9.726516 
185.223188 83.391237 179.882411 78.786485 3.101057 0.061111 1.292651 
385.660881 146.394803 360.598803 147.562968 2.846491 0.061111 27.537957 
208.259441 290.922863 184.310583 301.732281 4.003062 0.061111 21.324917 
192.664459 79.193198 209.548511 86.472551 3.622296 0.061111 18.861513 
740.613971 183.848460 716.848216 184.346246 2.551804 0.061111 30.011950 
683.132099 158.330456 663.155950 159.020713 3.963597 0.061111 36.220466 
685.610875 185.234602 664.343489 186.004097 2.950343 0.061111 29.992856 
351.876584 201.916953 286.827723 204.372732 2.379765 0.061111 82.899194 
576.811310 184.041065 588.143513 183.585395 3.445639 0.061111 7.414992 
710.634975 184.770845 689.366981 185.306783 1.753429 0.061111 24.293074 
245.670492 288.404100 235.692399 287.936570 2.789787 0.061111 7.237581 
266.854523 148.870114 253.025876 149.430972 3.746920 0.061111 4.761475 
800.626182 157.873074 774.365028 157.749828 3.849686 0.061111 42.014289 
848.137714 177.565588 819.374162 176.911865 3.038993 0.061111 19.743767 
360.592606 207.312360 386.900459 206.263656 2.398438 0.061111 29.929779 
356.817134 140.525284 389.417984 139.127599 3.264684 0.061111 59.767857 
854.316675 157.103129 881.869606 155.530496 2.353478 0.061111 27.545941 
251.855433 142.889827 285.641076 143.541240 3.126043 0.061111 66.872659 
659.366600 186.264134 639.370381 186.539103 1.507690 0.061111 12.154275 
248.851276 150.763078 249.855918 145.478783 2.922940 0.061111 0.015477 
821.872403 153.495970 848.125867 153.418397 2.562778 0.061111 34.825132 
803.116745 183.808981 775.586141 184.210485 5.345799 0.061111 48.953417 
770.611924 182.821087 744.356746 183.950734 2.766351 0.061111 39.642078 
941.005686 151.687460 951.131292 172.241378 5.656129 0.061111 27.029813 
856.772722 143.116038 901.980754 146.841790 5.920876 0.061111 108.498693 
35.697498 264.544045 29.040374 218.173040 3.724157 0.061111 78.841269 
909.299817 147.039999 942.161727 144.762901 6.185924 0.061111 53.714589 
393.015304 204.804006 409.472550 202.605084 4.213607 0.061111 17.592017 
823.026442 159.490889 853.125019 156.875222 3.303034 0.061111 9.953369 
253.277581 230.852034 249.352567 211.879641 4.600970 0.061111 25.660172 
317.375091 267.759364 272.162775 288.744994 5.626408 0.061111 104.454351 
409.375235 200.674206 393.125605 200.751786 0.690631 0.061111 1.229357 
487.867010 119.430711 494.592986 150.577928 3.235210 0.061111 40.886656 
275.759699 286.437874 256.704401 289.595479 4.932735 0.061111 19.514062 
409.256260 202.701674 401.544482 227.636175 4.690589 0.061111 47.137806 
808.106125 152.821241 823.357922 151.873547 6.160448 0.061111 28.934584 
353.264397 150.777985 354.125239 142.959863 2.906619 0.061111 0.108600 
880.640233 153.448739 861.872967 154.331785 2.071126 0.061111 19.437554 
635.609692 186.586501 616.846193 187.582095 3.026345 0.061111 26.354884 
387.538127 235.899556 356.162615 244.173610 5.592078 0.061111 68.545336 
883.137272 158.428147 826.928781 160.703544 2.563545 0.061111 52.847403 
849.364083 155.353087 815.618293 156.707934 1.951029 0.061111 33.621456 
551.859198 189.037335 538.080875 189.682148 2.964746 0.061111 21.865314 
590.621804 188.032745 575.596533 188.553262 2.931276 0.061111 20.400427 
633.132150 158.978387 615.622906 159.125077 3.844116 0.061111 20.689937 
32.076862 169.428250 41.667886 133.070364 3.507202 0.061111 62.244047 
288.536694 146.887385 287.821727 170.653481 3.137854 0.061111 17.729435 
913.053267 202.928219 893.230356 201.578115 3.996148 0.061111 44.929031 
363.027277 240.739521 316.313605 267.131327 5.158764 0.061111 114.629647 
611.886715 187.493967 595.618884 187.801858 1.533621 0.061111 8.512636 
257.925136 287.635928 247.094044 284.791051 4.579630 0.061111 0.605959 
951.664857 185.011913 946.640930 196.977014 6.131985 0.061111 23.619993 
241.675721 276.931621 242.287444 265.579866 4.080879 0.061111 2.509345 
851.912686 162.396676 914.357710 157.885663 2.735380 0.061111 65.991281 
285.587812 208.377821 353.180272 205.857087 4.585907 0.061111 178.256867 
945.937262 196.839787 947.391925 209.739582 6.210637 0.061111 8.997534 
947.148985 209.043583 913.120991 203.148140 4.481127 0.061111 70.857747 
241.286820 267.158488 252.338036 241.358773 4.433246 0.061111 37.546982 
403.045465 224.321117 398.383108 231.203012 4.506814 0.061111 5.131426 
397.682313 232.947984 387.419922 236.131572 5.228640 0.061111 3.325415 
251.219887 244.443251 252.967188 229.213483 4.255029 0.061111 28.978163 
838.833573 139.135586 857.083021 143.506463 5.495800 0.061111 25.214062 
658.137170 178.936170 639.372640 179.217705 1.512393 0.061111 4.870997 
925.501101 191.310142 854.537338 178.477295 2.460099 0.061111 79.976026 
846.875354 151.471637 829.375367 151.456295 1.264246 0.061111 2.443237 
710.640851 177.695809 689.374642 178.106484 1.563515 0.061111 7.298756 
851.123050 223.201666 852.496653 214.278277 2.661073 0.061111 4.870997 
894.375361 200.761859 843.119129 200.896929 3.871864 0.061111 96.407503 
57.074798 312.420917 42.363857 284.120882 3.684011 0.061111 51.889726 
38.066860 140.599525 53.550004 105.263512 3.588583 0.061111 64.866528 
392.794116 143.102272 392.980987 150.659471 2.653736 0.061111 0.108600 
570.639067 188.692878 554.368087 189.095936 1.590122 0.061111 10.940396 
746.801166 149.198594 801.713382 152.975040 7.007139 0.061111 159.209350 
530.667427 159.092260 523.072382 159.425403 2.771481 0.061111 2.478619 
589.390595 159.344648 574.377067 159.536618 2.643632 0.061111 15.864068 
826.425611 149.566138 834.810080 144.908225 6.556221 0.061111 0.031882 
615.622321 154.131564 634.383805 153.925085 2.651164 0.061111 20.400427 
867.383701 166.844484 867.985920 176.883343 1.771717 0.061111 1.292651 
460.980391 268.024560 468.497606 294.622968 3.582588 0.061111 28.899658 
42.576067 283.314548 34.316620 259.395159 3.306356 0.061111 39.735652 
481.874993 159.377152 474.375080 159.351632 2.516999 0.061111 0.108600 
803.769085 166.830128 805.081133 185.662890 3.015205 0.061111 7.893475 
574.372564 154.166171 589.378332 154.201287 2.532170 0.061111 15.795915 
661.876731 153.834615 770.629134 153.569287 2.493893 0.061111 163.284355 
836.622213 193.595818 823.793542 186.707971 7.790407 0.061111 11.306407 
595.629493 182.296930 611.877651 182.123902 1.409656 0.061111 1.229357 
811.802343 158.958910 821.943181 159.842456 2.599063 0.061111 0.171266 
226.488515 143.220370 228.579576 124.287150 3.727336 0.061111 25.640975 
570.620679 180.519587 556.842592 181.084301 1.504902 0.061111 0.015477 
71.341494 331.032435 55.247572 309.958623 3.432702 0.061111 45.478280 
538.108655 183.661602 550.630721 183.374711 1.535983 0.015278 5.424257 
843.080040 200.733826 836.938521 194.248596 3.726634 0.061111 15.795915 
556.856776 183.295851 570.623959 183.063359 1.292034 0.061111 0.015477 
594.367184 154.135017 610.635557 154.260917 2.616005 0.061111 19.437554 
242.139660 124.350143 241.414055 153.113372 3.066627 0.061111 47.199581 
53.528330 104.638918 72.696803 75.344811 3.629035 0.061111 66.110054 
638.136696 154.052742 658.133518 153.800632 2.610108 0.061111 20.400427 
253.032245 207.514660 279.402779 208.809069 4.909867 0.061111 27.643140 
738.135006 158.093255 715.626258 158.278124 2.664174 0.061111 34.729992 
230.611177 122.500261 240.633928 122.278501 1.443246 0.061111 0.015477 
555.620447 154.242223 569.378529 154.196922 2.545260 0.061111 13.368155 
24.989853 211.908529 26.903903 176.808412 3.517233 0.061111 75.281580 
249.326431 229.367230 246.502983 247.015464 2.271138 0.061111 10.031820 
91.255825 349.943691 73.732531 333.718849 3.159421 0.061111 43.715151 
474.300312 153.875861 484.379588 154.252098 3.980526 0.061111 13.210352 
509.991974 204.542033 506.983533 215.654383 2.839827 0.061111 7.414992 
689.370541 180.480186 710.638865 179.825271 1.864976 0.061111 23.079194 
105.739914 359.212945 88.197141 346.773265 3.652203 0.061111 37.210699 
460.326709 153.682690 469.477395 154.575380 4.855009 0.061111 11.525449 
520.616148 154.308623 531.882450 154.232862 2.575594 0.061111 9.726516 
536.874006 154.271191 550.634715 154.139402 2.619594 0.061111 14.582035 
913.132111 155.720429 895.636113 157.024134 2.082514 0.061111 14.582035 
386.913530 204.080768 361.853473 205.091018 1.742713 0.061111 16.802894 
831.875004 184.442172 808.124873 184.443414 5.000588 0.061111 9.062951 
74.122511 333.426090 68.606674 328.800609 3.028005 0.061111 4.870997 
468.069556 294.366028 465.640266 309.377470 3.138589 0.061111 6.680913 
156.689707 386.047768 124.960442 372.141265 3.872925 0.061111 62.565223 
611.884141 179.946329 595.618305 180.206589 1.509813 0.061111 13.368155 
834.382060 162.051981 813.116036 162.900266 1.996334 0.061111 13.051577 
72.699099 75.143065 88.357810 58.341980 3.178501 0.061111 41.287391 
769.384045 176.435049 745.623050 176.700359 1.515093 0.061111 9.726516 
533.136951 189.688990 520.607525 190.165896 2.735912 0.061111 8.430338 
448.215296 232.300698 444.855011 242.880440 4.387017 0.061111 3.117059 
447.920692 153.718803 455.740211 154.585269 5.382587 0.061111 11.525449 
515.623213 181.807478 505.597159 182.072759 1.282625 0.007639 4.501648 
435.615940 154.053114 443.180311 153.840213 3.924354 0.061111 7.237581 
424.309824 153.887449 430.674597 154.093582 5.159228 0.061111 9.765687 
245.903553 214.318697 248.914580 229.215405 1.968174 0.061111 8.430338 
640.613903 181.460923 659.383921 180.957883 1.718387 0.061111 19.200758 
295.766033 283.375781 358.618252 248.029367 2.789571 0.061111 78.842841 
516.851811 190.065309 504.373231 190.582310 2.653091 0.061111 8.430338 
470.609774 191.578319 461.818778 192.029474 2.817043 0.061111 7.237581 
489.081427 148.148539 487.073694 123.109068 2.245078 0.061111 16.619408 
447.287611 204.922244 440.298463 210.191914 2.503169 0.061111 0.108600 
159.447910 385.404152 145.560792 380.819489 2.788602 0.061111 19.437554 
769.377241 187.008328 745.612945 187.407727 1.648925 0.061111 15.795915 
126.152432 31.072467 161.991456 18.455805 4.583971 0.061111 75.852973 
499.374192 190.608984 489.336679 191.115294 2.874659 0.061111 5.071809 
814.344071 165.148168 823.138152 164.577762 1.813735 0.061111 2.443237 
175.743430 388.768480 160.353882 385.763484 3.440939 0.061111 27.934713 
440.919541 311.508212 419.920623 318.511108 3.164153 0.061111 17.006791 
850.706355 180.150849 891.818398 187.204888 1.866158 0.061111 40.846827 
550.637398 181.205030 538.116400 181.472660 1.516835 0.061111 6.084876 
630.662997 191.508642 568.063743 194.200404 4.860503 0.061111 108.777516 
229.607546 365.231903 196.809242 374.132691 3.049615 0.061111 36.823143 
550.622416 159.042791 538.123172 159.140022 1.327749 0.030556 0.598018 
87.942611 57.329014 129.719272 28.081283 5.323368 0.061111 88.015433 
709.381225 157.742557 689.373286 157.886126 1.384508 0.061111 4.870997 
688.133307 160.864637 709.401082 160.127421 2.541803 0.061111 26.720833 
740.652496 187.650557 716.888050 188.493081 2.852739 0.061111 31.326113 
745.620953 179.234854 769.387232 178.548614 1.862807 0.061111 26.720833 
535.638643 193.630463 503.128588 194.507932 1.654258 0.061111 15.038032 
248.320633 356.039889 231.110649 364.154939 2.196851 0.061111 19.437554 
461.184974 285.655646 460.683850 274.372386 1.526077 0.061111 0.015477 
639.368700 161.028310 658.126962 160.888744 1.380166 0.061111 4.870997 
828.231756 173.786129 814.261079 171.253391 2.013948 0.061111 7.298756 
305.073625 308.776703 263.351285 347.226917 3.658809 0.061111 75.340125 
744.370307 159.965122 768.127995 159.796165 1.418867 0.061111 14.582035 
261.979753 347.035749 249.203320 355.361547 2.459337 0.061111 17.009795 
267.065530 293.659556 294.628224 283.835449 2.529831 0.061111 15.918252 
419.370183 318.317431 404.348307 317.941431 2.718163 0.061111 9.452975 
894.229497 187.635419 915.651885 191.734496 1.932486 0.061111 11.194688 
162.847792 19.079590 179.242929 16.138713 3.784904 0.061111 28.737582 
456.870296 191.819865 448.077650 192.569984 2.915968 0.061111 2.737764 
336.916992 294.828767 323.054357 296.111642 2.489363 0.061111 9.765687 
460.357551 274.600779 455.531366 295.603484 2.633480 0.061111 1.248709 
718.093957 188.475117 631.774196 191.452847 4.824648 0.061111 130.090729 
229.444476 386.736114 176.915374 390.020688 4.833665 0.061111 84.044777 
454.326587 296.838937 447.904248 305.460559 2.260599 0.061111 4.870997 
246.777636 244.876679 238.264640 264.435778 2.345828 0.061111 12.337603 
569.375076 158.980217 555.624837 158.977586 1.252631 0.061111 0.015477 
447.594577 305.190954 441.598458 310.478838 2.591075 0.061111 2.443237 
239.727928 200.618467 239.418364 243.125316 2.800336 0.061111 83.773185 
689.365746 167.334290 710.627463 167.085452 1.483970 0.061111 7.298756 
224.575454 243.121013 223.903371 209.334651 4.147023 0.061111 47.448541 
515.626217 149.902673 745.627877 149.372010 2.880683 0.061111 508.562475 
918.170183 210.266108 896.786990 207.574076 2.645434 0.061111 30.362473 
152.218765 176.875864 152.261645 221.875823 2.527394 0.061111 56.541731 
392.080986 331.417439 350.295734 312.606403 3.650784 0.061111 88.955544 
332.153313 78.745788 395.499942 50.346055 5.113644 0.061111 97.614010 
484.394017 191.143931 475.564258 191.467516 2.544101 0.061111 4.870997 
433.578726 223.088178 434.292359 231.881707 1.751457 0.061111 0.015477 
195.642319 374.179318 158.131907 374.795475 2.910265 0.061111 29.323237 
309.475118 71.601243 324.721641 77.177161 3.635918 0.061111 13.777494 
424.290125 285.412949 420.079720 290.139239 4.666766 0.061111 1.288645 
402.950990 317.772007 388.027612 314.877027 2.216198 0.061111 12.154275 
768.142489 157.389708 744.370048 157.625297 2.660910 0.061111 32.790232 
814.311612 173.607097 831.837337 175.911443 1.565237 0.061111 2.737764 
944.459997 215.204317 930.521334 212.388087 2.958115 0.061111 19.437554 
115.269930 362.581191 105.281149 357.558878 1.684540 0.061111 0.015477 
386.618153 314.994297 338.387832 294.991272 2.761441 0.061111 50.048729 
196.832699 14.849701 214.415853 16.416549 4.068046 0.061111 38.288652 
210.514924 14.936723 225.431998 17.859897 3.895619 0.061111 28.809332 
395.560219 51.346487 423.069253 50.344495 4.405187 0.061111 51.889726 
179.394420 15.951584 198.226490 14.831769 3.817586 0.061111 42.501271 
656.874651 158.096466 639.361993 158.310439 2.698344 0.061111 30.362473 
895.562811 204.910861 920.516852 207.806879 2.051031 0.061111 20.556759 
168.853038 342.593862 162.549058 348.788933 4.678100 0.061111 0.257521 
359.278900 247.765701 398.249974 237.342249 2.668205 0.061111 36.648086 
595.624482 161.141063 610.625357 161.130466 1.260597 0.061111 0.015477 
157.842365 374.415365 124.331144 367.075225 2.674535 0.061111 34.399116 
350.759726 313.278586 341.837251 312.182201 2.633789 0.061111 4.870997 
434.729433 232.938534 439.418766 241.851975 1.745980 0.061111 0.015477 
863.112387 203.803470 883.128707 204.175570 1.575050 0.061111 10.940396 
595.622121 168.491448 610.626035 168.442561 1.298867 0.061111 0.015477 
658.124467 165.291669 639.374515 165.321667 1.279997 0.061111 3.657117 
926.749176 208.770344 946.721106 212.664315 2.183741 0.061111 19.437554 
768.129023 163.968375 744.373601 164.081696 1.363279 0.061111 8.512636 
279.093954 43.546618 301.234009 63.824843 3.997232 0.061111 69.296204 
457.166680 266.844159 458.487573 279.336663 1.374507 0.061111 0.015477 
455.586082 300.610118 460.970654 286.529177 3.330770 0.061111 6.727035 
884.419201 206.481470 864.366470 205.942175 2.532702 0.061111 25.506953 
465.186072 309.880334 458.389128 320.789564 3.982631 0.061111 14.194273 
863.981438 224.465760 861.939247 215.610184 2.155171 0.061111 2.443237 
304.991403 293.627532 298.443745 285.372190 1.587116 0.061111 0.015477 
151.897587 144.377200 150.197101 161.833316 2.730612 0.061111 11.210653 
220.488176 315.480506 212.130355 323.394670 4.441866 0.061111 3.729341 
409.498719 335.105789 392.712547 331.105944 3.590876 0.061111 25.267566 
444.644912 245.808460 459.822639 267.438027 4.793351 0.061111 37.564491 
389.587954 56.106146 361.966358 68.331412 2.679771 0.061111 25.378718 
483.633064 114.323376 487.065620 148.105631 2.001755 0.061111 28.978163 
301.784324 64.522230 315.101957 72.724264 4.666190 0.061111 29.214609 
438.246895 52.908642 460.671479 65.542502 4.693624 0.061111 39.240441 
595.625373 175.688386 610.624854 175.600234 1.257325 0.061111 0.015477 
744.370183 166.559121 768.133719 166.196732 1.611995 0.061111 24.293074 
460.966103 66.288295 475.863083 86.701252 5.158089 0.061111 49.830049 
538.096510 161.828968 550.645402 161.553111 2.746640 0.061111 13.368155 
122.929956 368.928303 156.807307 377.153800 3.209298 0.061111 35.955965 
244.074543 21.108710 279.415046 43.060529 5.388761 0.061111 82.906875 
418.188801 290.842188 411.421209 292.830222 5.149605 0.061111 2.901337 
858.219579 183.658937 843.152233 181.668819 1.730278 0.061111 2.478619 
124.157751 366.191129 115.694663 362.943465 1.709713 0.030556 0.598018 
433.155694 334.967345 410.620298 335.342792 3.645367 0.061111 27.915855 
475.505752 86.475112 487.504092 120.402523 5.073000 0.061111 82.641012 
550.627103 166.540135 538.119746 166.461586 1.320627 0.015278 0.064042 
236.784601 246.209942 225.807569 245.669158 7.736942 0.061111 14.453982 
405.342094 228.414413 413.373947 201.575424 2.159089 0.061111 16.619408 
504.608376 219.329530 463.021232 223.283616 4.385973 0.061111 66.762964 
423.010005 52.885053 390.510647 55.393379 3.161741 0.061111 28.362209 
149.370933 219.374980 149.582979 175.626008 1.462034 0.061111 29.148593 
745.626143 173.161324 769.391945 172.413484 1.760469 0.061111 16.802894 
640.617524 174.837388 658.127811 174.671182 1.416045 0.061111 2.443237 
225.045460 17.286960 248.758779 24.901199 4.967977 0.061111 55.680869 
421.714902 50.183009 440.471555 53.899431 4.430160 0.061111 43.042798 
610.647632 158.599138 595.617405 158.796434 2.663853 0.061111 15.795915 
473.379719 89.529088 458.068228 68.505952 3.317367 0.061111 17.729435 
884.385185 188.061894 860.648275 184.230793 1.671378 0.061111 13.303210 
709.380885 171.414258 689.372677 171.563437 1.399080 0.061111 4.870997 
769.372672 170.277264 745.623736 170.436244 1.392221 0.061111 8.512636 
361.910328 69.456930 334.631425 81.219674 2.432461 0.061111 18.696973 
569.378332 166.325902 555.622700 166.391302 1.315358 0.061111 0.015477 
484.812521 148.070373 479.337973 104.223553 3.252224 0.061111 45.657956 
639.371020 167.962231 658.140363 167.503273 1.646862 0.061111 12.154275 
555.622700 168.602277 569.378405 168.668572 1.310228 0.061111 0.015477 
477.932644 103.194066 471.653020 85.704703 2.352927 0.061111 18.001569 
555.619113 161.658698 569.392930 161.283851 2.703108 0.061111 13.368155 
448.924697 309.048887 456.849327 298.106408 2.303998 0.061111 3.105443 
610.655458 165.648438 595.604274 166.008427 2.798171 0.061111 20.400427 
709.379953 164.619885 689.362859 165.024757 2.625877 0.061111 26.720833 
413.130235 199.614003 435.646811 199.120839 2.170946 0.061111 5.131426 
550.652336 174.033785 538.126070 174.410574 1.437350 0.030556 0.598018 
248.420789 379.034705 229.625660 385.145909 3.566222 0.061111 33.544714 
449.477913 61.582343 428.610508 54.244340 2.902689 0.061111 15.390706 
172.035995 378.411422 211.990241 374.224781 3.457769 0.061111 42.443115 
363.312207 308.857381 393.040324 319.609125 2.850590 0.061111 37.075009 
253.045444 291.679429 266.811392 292.718057 2.304827 0.061111 4.252621 
457.999186 321.685859 441.545977 332.630369 3.805405 0.061111 14.922231 
432.660418 234.465976 430.682181 224.363803 2.213186 0.061111 4.870997 
339.362739 298.154963 363.211426 307.913793 2.630286 0.061111 17.592017 
610.645178 172.914438 595.626572 173.205987 1.298287 0.061111 0.015477 
329.314072 80.870317 315.485702 77.435863 2.418344 0.061111 1.793507 
569.384494 173.880424 556.870761 174.037689 1.406981 0.015278 0.798391 
300.613558 344.360212 265.410424 371.597670 4.012249 0.061111 70.271493 
457.746254 68.675165 448.626313 62.396794 2.380021 0.061111 3.666274 
62.252526 315.098931 79.830757 336.284019 2.373867 0.061111 18.208878 
213.120527 373.111233 232.284398 366.885118 2.824140 0.061111 18.786357 
243.161233 361.934778 262.414352 350.264825 2.236267 0.061111 21.597173 
265.499004 370.371846 248.980214 378.593317 3.352041 0.061111 29.929779 
440.781045 332.343550 432.905648 334.966362 2.765840 0.061111 2.478619 
644.375000 188.125000 658.125000 188.125000 1.250000 0.061111 0.015477 
840.155543 205.986613 832.993749 196.688948 1.743697 0.061111 0.108600 
865.576352 187.210161 883.070649 189.749449 1.596147 0.061111 7.298756 
233.290735 366.007349 242.025111 362.221305 2.141162 0.061111 2.443237 
124.021715 36.286238 108.213250 45.772072 2.143431 0.061111 10.943456 
328.524425 316.045721 299.047786 344.030340 3.936128 0.061111 58.245446 
314.292450 76.996194 302.536628 68.988802 2.485364 0.061111 4.669374 
538.128363 176.962800 550.657859 176.482911 1.440448 0.030556 0.598018 
88.299132 62.018591 68.438883 86.103071 2.486740 0.061111 27.189264 
158.045839 376.770905 171.902416 377.728138 2.494056 0.061111 14.582035 
538.118025 168.960163 550.635504 168.749686 1.459977 0.061111 3.657117 
148.962552 25.849143 124.412935 35.719354 2.116144 0.061111 21.732926 
42.790223 136.802923 34.686576 174.442082 2.630943 0.061111 29.984382 
690.625000 186.875000 710.625000 186.875000 1.250000 0.061111 6.084876 
233.198835 22.724419 210.546813 18.549191 1.812669 0.061111 18.001569 
424.482189 314.649548 439.615562 308.741162 2.727642 0.061111 9.638695 
209.372654 18.062336 171.831676 19.467718 2.311201 0.061111 25.843854 
68.407957 85.790119 53.488159 111.357486 1.981631 0.061111 24.088385 
53.586063 110.808814 43.356090 136.468787 2.079252 0.061111 18.786357 
170.633753 20.663448 146.971831 26.050331 2.219805 0.061111 19.381718 
302.286499 68.921866 293.136374 60.612475 1.850747 0.061111 2.443237 
420.411195 321.158051 439.341521 315.512736 2.626762 0.061111 14.194273 
360.625982 149.462479 385.622831 149.181844 1.277986 0.061111 8.430338 
616.875000 189.375000 634.375000 189.375000 1.250000 0.061111 3.657117 
445.273933 304.095652 451.960179 295.692778 2.355905 0.061111 3.657117 
689.367105 174.054190 710.634986 173.530767 1.741692 0.061111 22.801090 
107.629079 46.275334 88.513769 62.083602 2.426498 0.061111 21.093503 
393.011184 319.438664 419.388087 321.723954 3.196526 0.061111 26.958970 
451.700651 261.044327 435.817179 240.476589 2.468160 0.061111 28.810333 
340.626311 293.121815 363.387786 302.486266 2.239152 0.061111 16.486316 
454.590004 290.660726 456.678435 278.092338 2.261288 0.061111 6.242371 
291.255051 58.608065 264.546371 36.666398 2.656736 0.061111 36.285237 
658.132046 172.393852 640.618301 172.631690 1.487514 0.061111 19.437554 
366.769082 304.665108 386.832880 311.990367 2.367262 0.061111 17.304932 
388.024467 313.322482 423.029244 315.753702 2.961509 0.061111 27.841710 
263.578994 35.848778 233.864553 22.703293 3.276598 0.061111 23.385321 
556.865863 176.299616 569.382556 176.100853 1.448316 0.061111 8.512636 
34.760707 244.582236 42.820927 278.197909 2.288771 0.061111 24.730831 
43.018898 278.816640 61.303147 314.666657 2.472553 0.061111 25.112912 
850.644009 186.724932 833.108692 184.503744 1.727897 0.061111 8.430338 
438.904782 315.446716 449.828654 307.498493 2.666397 0.061111 2.901337 
541.861149 196.560289 519.349740 197.551073 1.947958 0.061111 11.194688 
263.295204 350.812549 307.192496 310.974850 3.087381 0.061111 59.722542 
455.971821 274.268214 452.131617 261.795988 2.298157 0.061111 7.237581 
829.311079 186.183057 849.476049 188.492806 1.810873 0.061111 7.712505 
324.350869 298.841063 336.881768 298.274747 2.723188 0.061111 7.414992 
80.544629 336.980946 101.857061 353.148647 2.094569 0.061111 18.011263 
102.729665 354.005649 131.327874 366.843778 2.630272 0.061111 15.045777 
323.078164 293.225135 339.352079 292.562270 2.345311 0.061111 10.818706 
32.782438 214.392326 33.983778 238.144787 1.500969 0.061111 14.582035 
384.375000 151.875000 360.625000 151.875000 1.250000 0.061111 9.726516 
576.875000 190.625000 589.375000 190.625000 1.250000 0.030556 2.112927 
148.083036 222.547596 136.892145 223.360913 2.130996 0.061111 2.443237 
234.775972 268.963969 208.543783 281.501235 1.517516 0.061111 3.442469 
189.394360 371.980917 216.889641 366.955097 2.472378 0.061111 22.242094 
140.663948 369.051305 169.300166 372.496935 2.379192 0.061111 18.208878 
131.966885 366.441170 140.594604 368.268512 1.927739 0.030556 2.112927 
515.628423 175.067996 505.621120 175.006502 1.303743 0.061111 0.015477 
147.303794 200.607969 148.098898 220.626037 1.794725 0.061111 18.223675 
138.202331 145.280302 150.717786 144.211233 2.384541 0.061111 8.512636 
170.639490 372.430215 188.127579 371.973815 1.543074 0.061111 6.084876 
227.426896 362.989002 254.977023 349.340182 2.312014 0.061111 26.887809 
456.777815 205.034923 470.565559 202.764094 1.857356 0.061111 4.870997 
566.867229 195.466634 546.854080 196.448675 1.738606 0.061111 13.368155 
264.250504 342.991108 302.439527 307.482135 2.858729 0.061111 42.503774 
445.666407 209.473759 455.954264 205.160317 2.305552 0.061111 3.657117 
93.059532 201.356626 103.213312 200.074257 2.010424 0.061111 2.443237 
216.967622 365.934031 226.830890 362.977830 1.677001 0.030556 2.112927 
255.626067 348.126495 263.550158 342.470667 1.887326 0.061111 1.229357 
263.125000 150.625000 279.375000 150.625000 1.250000 0.061111 2.443237 
596.837798 190.069940 610.609712 189.146899 1.330794 0.061111 0.015477 
529.417634 175.201423 523.076219 175.039875 3.907951 0.061111 0.171266 
745.625000 185.625000 761.875000 185.625000 1.250000 0.061111 2.443237 
378.125000 160.625000 358.125000 160.625000 1.250000 0.061111 6.084876 
53.114603 167.997607 110.639499 163.302653 2.415707 0.061111 75.487995 
86.920956 180.393482 70.591398 181.130305 2.215733 0.061111 1.235776 
358.125000 170.625000 375.625000 170.625000 1.250000 0.061111 3.657117 
473.134548 197.251546 521.884898 196.015334 1.312973 0.061111 35.217992 
275.624388 179.329624 254.378247 179.615954 1.317264 0.061111 7.298756 
378.148007 184.855385 358.134048 185.813926 1.607359 0.061111 5.403053 
358.125000 154.375000 378.125000 154.375000 1.250000 0.061111 1.574830 
260.625000 154.375000 279.375000 154.375000 1.250000 0.061111 4.870997 
471.888871 203.324229 488.147091 202.192292 1.681071 0.061111 8.512636 
148.318614 168.129304 147.623608 199.391643 1.416386 0.061111 17.009795 
360.625000 186.875000 375.625000 186.875000 1.250000 0.061111 1.229357 
378.134840 168.400089 359.364145 169.071550 1.785434 0.061111 19.437554 
378.112776 192.992151 360.645649 194.599406 1.588350 0.061111 6.084876 
263.127213 163.293215 279.374401 163.079448 1.282782 0.061111 2.443237 
359.375000 195.625000 375.625000 195.625000 1.250000 0.061111 0.108600 
261.875000 189.375000 278.125000 189.375000 1.250000 0.061111 2.443237 
733.140856 163.878727 725.617889 164.036988 2.604609 0.061111 0.108600 
360.625000 179.375000 375.625000 179.375000 1.250000 0.061111 1.229357 
278.133917 161.226047 261.868952 161.467350 1.472374 0.061111 9.726516 
335.625000 163.125000 300.625000 163.125000 1.250000 0.061111 20.651434 
378.099085 176.572094 360.620081 178.067509 1.565113 0.061111 4.870997 
263.125000 198.125000 278.125000 198.125000 1.250000 0.061111 1.229357 
313.125000 154.375000 291.875000 154.375000 1.250000 0.061111 7.298756 
345.625000 154.375000 319.375000 154.375000 1.250000 0.061111 12.154275 
278.114258 169.132598 259.345722 169.964330 1.250000 0.061111 0.415074 
360.625000 165.625000 375.625000 165.625000 1.250000 0.061111 1.229357 
309.375000 169.375000 329.375000 169.375000 1.250000 0.061111 6.084876 
