314.677014 424.815251 293.845173 417.045553 10.382440 0.250000 14.222250 
294.084448 416.973306 275.024711 401.095106 10.243754 0.250000 22.354669 
391.191383 352.369767 372.469106 373.802040 7.888259 0.250000 18.471452 
485.621287 370.272545 470.622952 370.430543 7.604922 0.250000 3.944784 
434.262559 521.718156 419.619326 532.215812 3.851854 0.125000 6.157215 
455.896113 481.361761 443.266395 486.009247 4.615483 0.250000 0.681378 
371.899945 374.395531 330.094165 425.188086 7.602170 0.250000 67.790612 
249.610417 36.949333 250.246867 24.230973 6.617033 0.031250 6.743907 
276.008931 400.410487 260.556788 394.555007 8.022287 0.125000 5.364262 
249.879575 50.636370 249.960783 38.104495 5.681543 0.125000 1.035052 
771.844072 361.855402 764.043758 374.165101 6.899730 0.250000 7.272768 
760.393889 426.550065 751.391677 432.952923 8.149004 0.125000 0.333637 
709.375756 88.119047 685.846297 85.131876 5.589905 0.250000 0.760071 
667.936478 435.366899 657.623489 442.899735 8.461377 0.125000 1.552399 
520.706104 241.917797 515.489619 251.803563 4.605690 0.125000 0.237203 
470.068768 369.603840 459.267543 367.402176 7.622029 0.250000 5.186464 
418.907384 306.148231 400.212592 318.176786 9.917252 0.250000 10.721955 
691.821908 378.436518 687.848347 393.703668 5.468489 0.250000 0.070850 
273.547978 452.515665 284.325502 459.997033 6.245791 0.062500 1.516970 
651.123869 482.180079 642.406165 496.435404 9.244867 0.250000 6.588057 
724.404877 464.311040 709.382921 464.689458 2.845473 0.062500 0.050521 
794.381351 75.546262 766.868604 75.695437 7.547332 0.250000 11.892859 
435.581796 438.552544 401.848331 438.203671 6.391861 0.250000 10.886081 
768.336952 420.871112 760.421829 427.687623 7.182953 0.125000 1.689153 
640.343181 518.180332 629.553882 532.014510 5.480158 0.250000 0.125608 
541.834490 265.122395 525.589275 266.431761 4.440849 0.250000 1.844888 
771.476871 479.663391 780.271859 476.022052 4.855969 0.250000 4.030947 
342.877450 448.198314 342.473037 433.042334 11.546079 0.250000 0.848131 
745.559021 92.868865 773.162897 92.208053 6.278125 0.250000 9.954508 
485.592940 333.131132 487.065075 340.827733 3.426143 0.125000 2.525797 
771.827094 401.870929 771.932898 433.116338 5.042299 0.250000 4.811324 
764.282724 374.549573 761.278387 394.473524 5.993753 0.062500 6.422013 
674.878360 430.539144 667.258700 434.797945 3.837836 0.125000 2.161716 
713.221507 74.815625 702.920819 73.587408 3.525031 0.062500 2.071339 
222.913598 39.354098 222.585612 81.899751 6.471443 0.250000 27.996764 
400.372680 318.631831 391.767683 335.570482 6.138350 0.250000 4.910125 
720.622603 484.698807 705.614173 484.587712 5.073883 0.250000 4.294598 
720.695627 500.677456 720.080330 486.843629 6.698497 0.250000 7.002470 
353.701071 51.826805 340.613175 58.100331 11.132207 0.250000 13.144880 
446.920914 440.445746 435.161709 437.433736 4.489705 0.125000 0.528808 
234.664476 0.613892 234.818846 39.378210 7.624385 0.250000 44.736521 
341.158304 58.167069 331.402792 63.341418 8.901403 0.062500 0.744941 
458.087364 450.375943 473.140641 449.998011 5.591264 0.250000 5.935436 
780.858046 473.383892 778.162910 462.797129 5.084792 0.250000 4.413882 
247.304368 61.573865 251.684407 49.637675 7.471533 0.250000 1.526224 
263.025990 394.330555 255.356444 401.652971 3.731852 0.125000 2.039297 
688.002659 469.358908 685.352989 489.503637 2.532735 0.062500 0.338106 
774.390919 91.701059 798.283994 93.887704 4.645765 0.250000 13.471425 
473.781125 404.397752 472.349451 445.684797 3.581476 0.250000 15.495816 
496.769008 61.724210 474.064604 77.683414 4.809381 0.250000 4.547720 
699.373784 84.019791 721.882078 83.942749 3.809877 0.250000 18.480387 
435.681009 306.916513 418.076236 306.515440 6.276849 0.250000 10.187686 
789.384159 88.828383 744.354912 88.073898 4.273008 0.250000 4.831513 
695.615946 484.360921 695.714104 466.868486 3.841125 0.125000 0.713402 
693.081785 381.082077 713.226327 379.984185 3.744443 0.250000 1.747150 
693.449912 465.358256 671.312711 472.673392 4.004249 0.250000 0.563193 
708.079043 478.673659 730.838174 480.580021 3.413122 0.125000 2.020673 
445.477830 517.742295 434.839635 521.833246 3.779257 0.125000 0.794157 
335.582183 454.329698 342.699727 447.602515 9.793591 0.250000 8.605555 
317.766210 69.774516 290.206769 84.664497 5.410142 0.250000 13.101828 
430.294656 411.156749 448.180457 434.057937 5.630118 0.250000 1.943344 
484.144168 94.176425 475.481979 81.976548 5.065674 0.125000 0.974955 
458.111737 382.358346 449.747777 403.759219 5.259365 0.250000 3.989466 
473.060209 108.946607 485.650326 107.042451 5.058160 0.125000 4.874185 
499.198915 285.547987 492.487625 300.892939 8.517675 0.250000 3.831734 
485.311553 311.821178 486.545180 333.287623 10.055244 0.250000 16.612378 
485.869672 106.464407 499.695042 102.434556 8.050620 0.250000 4.426538 
487.314234 527.241743 466.290445 516.786854 5.033569 0.250000 9.575795 
425.157163 57.905149 423.522743 70.675904 3.412026 0.125000 1.422915 
471.461895 57.340924 461.572699 62.551232 3.436543 0.062500 3.156721 
612.690825 366.971008 608.768392 349.232728 5.151954 0.062500 12.452666 
325.087321 479.172197 329.526254 467.403528 8.207410 0.250000 2.978079 
460.878172 66.158607 504.334863 45.540403 4.228844 0.250000 14.237327 
721.437333 465.596719 721.873505 478.125052 3.790465 0.125000 3.224586 
646.327093 496.927404 646.979168 519.299095 4.112065 0.125000 1.633877 
653.724686 461.708540 648.759216 481.107300 6.422580 0.250000 6.360699 
692.483372 410.770843 689.513778 423.158269 3.328592 0.125000 1.422915 
738.422947 481.945984 737.396524 468.179314 2.957781 0.125000 2.115629 
760.315295 464.644570 763.461936 482.850724 8.074668 0.250000 1.676256 
475.534168 80.406618 504.919566 68.184264 5.290685 0.250000 8.499617 
327.675764 13.323570 340.847247 17.408359 6.713367 0.250000 2.575375 
494.817651 29.754836 483.354620 23.923613 2.562043 0.125000 4.813361 
778.497785 457.699732 763.696753 464.389917 4.337518 0.125000 0.265791 
767.027191 478.113768 766.011164 464.346501 1.861439 0.062500 2.500980 
553.527182 339.593334 557.810071 331.704034 2.650389 0.125000 0.719617 
710.244254 505.605798 717.354338 503.472853 4.044377 0.125000 1.279668 
680.580729 393.050376 669.516861 399.614121 4.989117 0.250000 0.381079 
522.567081 313.498229 530.805230 298.222195 3.559966 0.250000 2.564729 
392.028220 341.818327 392.435511 351.902847 3.473014 0.062500 4.857452 
395.515283 443.111557 457.042570 444.918195 12.237797 0.250000 69.670102 
488.611266 344.463221 487.461309 367.095332 11.235506 0.250000 24.184275 
570.146505 301.675711 581.845819 293.085259 2.856940 0.125000 2.952176 
753.127061 75.247022 714.373958 75.197969 3.795882 0.250000 21.535818 
599.530426 419.404642 601.918391 406.883275 4.386116 0.125000 4.417718 
506.377982 81.902533 498.393601 93.312952 5.631588 0.250000 1.161313 
772.765444 432.555796 779.151046 424.203774 2.546098 0.125000 0.719617 
330.337072 467.763423 335.851461 455.612317 11.995292 0.250000 9.319014 
435.778347 411.612401 451.318597 420.687248 4.680226 0.250000 5.554443 
295.626655 464.374469 300.689599 480.156297 4.042040 0.125000 2.625208 
502.111120 333.696941 509.241217 323.035529 3.599818 0.250000 0.295349 
559.302405 280.743107 551.634738 273.330515 8.058452 0.250000 1.573076 
500.561081 455.062367 520.735343 456.938404 6.367402 0.250000 3.628194 
446.042085 410.624880 428.104785 400.661392 13.841067 0.250000 3.689246 
761.395284 462.184433 777.832291 453.801092 3.226460 0.250000 3.824290 
310.402398 490.277624 326.464717 479.984742 3.930621 0.125000 2.811636 
251.257617 103.251303 261.937560 109.263877 3.083431 0.062500 0.014620 
486.738817 447.162567 500.387627 453.626240 8.323625 0.250000 2.264157 
639.693669 506.760105 640.526606 518.132207 2.949872 0.062500 3.996934 
521.663022 455.806268 538.977709 452.371977 5.390846 0.250000 6.339455 
526.573001 293.879741 523.938764 302.134681 4.763349 0.250000 1.020647 
539.745684 299.307792 542.019475 311.848806 3.797894 0.125000 0.463824 
345.031971 28.049025 346.743740 42.851069 4.586762 0.062500 10.809676 
794.950546 457.717071 792.952772 473.263498 6.668875 0.125000 2.425540 
785.618634 373.056582 770.632073 374.451015 2.368065 0.062500 0.456175 
569.405423 364.169389 550.184981 353.952807 7.487820 0.250000 5.469125 
792.586383 450.628783 792.498589 438.129400 5.642343 0.125000 4.874185 
288.529146 21.780555 309.195813 18.308443 16.449519 0.250000 0.706511 
596.997426 333.799699 579.237665 330.020363 5.489117 0.250000 3.998688 
512.360232 43.828681 495.828707 29.145647 6.431689 0.250000 4.677364 
574.341481 353.104769 579.547560 344.479150 3.007938 0.031250 0.134193 
669.850705 468.093987 671.321923 490.661057 2.982617 0.250000 11.857727 
746.292749 436.708079 729.621688 428.851544 4.730902 0.250000 0.070791 
605.942658 399.161926 613.102186 367.834116 5.431310 0.250000 10.338279 
649.693918 508.732473 661.550898 502.507653 3.845969 0.125000 0.725547 
394.498774 361.094731 396.822415 348.115586 7.952208 0.250000 2.978079 
313.179602 469.242340 296.643959 462.436329 2.378854 0.062500 1.209733 
792.090175 360.753103 770.563742 358.800256 11.884206 0.250000 20.577595 
558.429450 328.258173 565.141522 312.913517 5.582815 0.250000 0.563193 
579.796811 411.211423 565.402260 421.565336 3.079848 0.250000 0.053041 
589.168745 426.970891 581.623655 410.741854 3.112119 0.250000 1.743596 
356.421148 32.743027 348.009889 28.345158 4.908806 0.125000 0.217637 
517.138812 260.839159 525.507788 250.529849 3.745396 0.125000 0.463824 
342.566265 68.319762 358.417215 59.926883 5.394623 0.250000 2.497903 
584.367148 336.908322 599.136152 340.388585 8.090316 0.250000 8.927344 
543.113679 362.186351 545.775006 351.598509 3.034015 0.125000 0.345871 
504.266993 91.798467 514.095952 77.927270 3.187991 0.250000 4.413882 
759.251593 83.989242 798.168494 84.808208 9.011054 0.250000 38.548202 
681.480042 533.320142 667.977628 517.950792 9.303206 0.250000 16.479772 
545.652072 231.754156 531.492575 228.582055 3.932558 0.250000 2.875968 
502.659511 65.912199 483.228918 75.828621 2.748891 0.125000 5.430837 
484.928824 35.422627 480.853652 49.441467 4.145239 0.062500 0.340159 
240.018830 140.636571 340.434725 91.486261 5.808402 0.250000 110.401870 
443.347937 486.022747 440.746143 495.657713 6.359750 0.125000 0.713402 
481.985248 74.540821 506.237670 58.416405 2.790878 0.250000 3.425645 
718.003956 377.168349 699.964832 369.724912 5.171730 0.250000 8.982910 
481.167429 48.816949 472.029686 57.251134 3.424055 0.125000 3.741715 
557.277782 391.484483 536.011814 401.450410 3.182601 0.250000 6.186302 
503.480724 273.262504 498.694144 285.645453 7.553936 0.250000 11.507697 
569.574727 379.278619 571.529380 357.978574 5.310013 0.250000 1.208719 
540.391165 371.801702 543.224069 362.764227 5.073874 0.125000 6.321281 
572.667495 294.827946 559.605427 281.634414 3.535490 0.250000 5.722488 
643.241980 21.914816 623.104510 4.225342 8.249567 0.250000 20.788103 
304.332458 455.605397 312.921781 464.628548 8.879685 0.250000 5.923367 
482.766931 50.898364 487.048583 36.928201 3.662895 0.062500 3.865649 
240.620538 43.074121 241.784679 14.371337 4.995893 0.250000 3.008010 
262.631078 398.643522 276.737965 412.081119 6.507419 0.250000 14.780740 
311.914924 16.832330 302.131724 7.678680 6.513509 0.250000 1.053139 
406.999614 10.654981 402.746033 28.334564 2.677307 0.062500 5.304629 
651.866578 443.722888 560.615655 444.901382 4.379235 0.250000 48.594134 
663.424588 41.718394 649.126005 25.966359 8.913916 0.250000 10.498437 
304.538355 5.707786 293.303917 7.084754 7.596363 0.250000 3.212686 
755.889052 63.160627 754.375963 74.375130 5.266930 0.125000 1.284333 
728.387848 429.606776 717.712168 422.494686 4.577916 0.250000 2.309288 
506.643620 47.987753 498.333008 61.998383 4.901344 0.125000 0.258507 
340.900323 91.203072 389.371380 68.117400 6.126641 0.250000 35.674078 
226.508919 133.718071 232.364267 137.332361 6.224432 0.062500 0.188521 
502.404913 43.049129 479.346397 55.572334 3.077576 0.250000 0.081937 
708.787086 94.195292 712.204433 106.785583 3.395014 0.125000 0.794157 
669.369694 46.957820 663.833987 41.054476 4.445529 0.125000 2.904780 
761.182650 448.205826 763.921534 429.309274 8.139651 0.250000 4.087405 
340.877696 432.939601 332.901023 424.588947 3.148018 0.125000 0.604710 
232.521914 136.723375 239.960907 140.807913 4.597867 0.062500 3.156721 
464.784877 47.666290 477.866966 31.664053 4.570367 0.125000 1.668660 
565.106358 313.521647 570.945787 302.062426 11.704860 0.250000 8.313191 
494.525611 37.880460 506.936904 45.524489 6.061748 0.250000 3.137531 
346.566036 50.050312 367.816243 38.625756 6.688689 0.250000 14.663616 
599.852480 292.349059 588.344829 285.267761 4.133132 0.250000 0.138324 
797.700119 405.730741 793.527315 388.963787 7.574399 0.250000 0.612389 
606.084851 349.443699 601.076130 291.835777 11.749411 0.250000 72.639816 
702.940825 46.425876 718.414332 40.080555 5.366671 0.250000 3.137531 
768.838681 19.403221 791.384054 9.506583 5.303745 0.250000 4.513320 
618.589161 8.870383 642.150802 30.543057 7.542361 0.250000 16.559153 
533.630935 405.410061 559.750375 392.642956 2.447341 0.125000 7.240021 
474.099695 450.375417 483.230403 448.699131 6.598688 0.125000 6.226801 
313.792085 464.382207 322.788549 477.498392 9.072588 0.250000 4.279052 
642.434537 31.167141 662.719910 49.915753 7.566308 0.250000 23.309457 
242.864190 43.128806 243.083289 58.143849 7.499202 0.031250 4.099526 
261.582135 87.234364 278.569019 74.991051 5.965699 0.062500 4.912864 
389.799799 68.253241 405.695545 63.353879 5.146369 0.062500 12.954029 
671.969818 444.383109 670.041350 466.931989 2.597423 0.250000 6.775545 
223.014974 98.120820 223.138776 131.884116 6.245375 0.250000 9.432877 
723.099532 83.813090 746.878278 84.125555 4.012464 0.250000 11.196657 
231.376648 91.916518 232.440816 40.610809 3.593664 0.250000 9.375487 
276.572969 412.788215 285.829177 428.519362 9.443102 0.250000 18.687279 
273.751611 17.462395 260.422144 3.316144 4.391202 0.062500 4.230513 
279.579824 70.930147 264.611494 80.977330 3.497458 0.062500 2.239582 
538.057522 450.700267 649.338012 449.175522 11.505829 0.250000 177.218441 
488.161170 35.531330 494.687994 38.051597 3.599072 0.062500 0.197800 
766.360315 37.598304 747.442407 44.647705 6.016895 0.250000 10.009102 
550.715277 351.889071 552.646984 339.495322 8.725690 0.250000 2.061100 
793.529299 425.049339 798.084284 438.139168 2.858118 0.062500 2.613457 
747.588786 1.229698 760.050688 15.014141 5.118653 0.062500 8.581961 
222.206642 85.503946 223.084507 96.973770 4.120633 0.062500 0.679372 
660.639835 398.864328 633.054179 398.062989 5.578629 0.250000 8.803710 
688.843125 51.669582 702.585106 46.647641 4.410544 0.250000 0.512475 
254.369160 401.874627 253.251068 419.383051 2.945747 0.250000 0.053041 
473.552808 448.361154 476.927846 424.382438 3.383199 0.062500 3.318692 
633.149327 398.691986 606.840495 399.820791 4.941821 0.250000 4.086978 
519.483012 63.091102 513.208714 43.098728 7.460404 0.250000 7.462572 
726.113020 59.232758 712.292007 65.321565 7.871373 0.250000 0.413655 
782.669962 67.012946 785.901526 48.389890 7.389572 0.250000 5.507856 
748.911425 45.894573 726.062183 57.719749 6.203082 0.250000 8.387640 
431.049150 398.528698 409.575165 392.421216 6.717399 0.250000 8.786429 
500.734414 344.046738 503.392279 334.811675 3.639077 0.125000 1.175390 
672.861570 460.591312 675.890092 436.908900 2.955484 0.125000 4.422547 
576.269400 320.591431 575.862089 343.106676 9.042490 0.250000 20.321008 
525.890419 346.982140 510.265714 350.037896 5.386877 0.125000 0.609902 
446.377187 176.961329 452.836451 214.208268 4.221791 0.250000 10.223852 
365.418201 17.167275 386.062136 31.773847 4.081634 0.250000 7.171758 
723.635560 38.077116 740.260292 31.016294 4.775350 0.250000 9.539391 
744.994574 29.043643 757.930320 23.886664 4.872087 0.062500 5.147200 
703.396177 15.014239 712.935256 -0.273364 5.701201 0.250000 2.497903 
665.874144 52.857659 677.551614 63.740266 6.817701 0.250000 0.706302 
433.020061 5.394674 444.222674 0.290665 5.068264 0.062500 0.011685 
686.173861 64.092115 671.048108 47.520709 8.024245 0.250000 8.752052 
218.503713 469.762361 185.495868 463.845360 5.838406 0.250000 33.509419 
697.568522 30.906344 693.731770 40.364058 5.573060 0.125000 0.528808 
477.260124 286.769850 484.045921 311.623561 4.712367 0.250000 4.442135 
476.148521 423.127360 476.233071 404.372106 2.578865 0.250000 4.633007 
677.774211 64.598139 691.220256 76.372690 3.883683 0.250000 0.908566 
682.622780 429.833222 692.253745 440.388945 5.621333 0.250000 5.727452 
447.865382 141.865827 446.671237 175.661968 3.880080 0.250000 21.171143 
482.053449 24.727630 521.040574 5.204906 5.605217 0.250000 25.604039 
732.776207 55.432045 736.578013 73.188587 3.580676 0.250000 1.772094 
780.645890 8.385681 766.881237 8.576018 6.335819 0.062500 3.050864 
330.831451 62.616387 319.768265 69.181211 6.012823 0.250000 1.230570 
446.564729 424.821042 437.357324 416.350705 4.452402 0.125000 5.839296 
255.175291 1.034103 271.866868 19.382398 2.439970 0.250000 3.122604 
546.878558 243.095162 536.577850 241.866785 4.034996 0.250000 0.295349 
245.515718 16.918346 244.565310 41.929730 3.699831 0.250000 13.884065 
692.186065 429.020553 701.906196 412.077098 10.237584 0.125000 2.891874 
755.015252 22.524287 744.057702 10.845509 8.091655 0.250000 1.995980 
371.647473 498.010306 415.711948 502.213474 5.448301 0.250000 28.585009 
455.488920 318.325092 445.163815 311.303127 7.690823 0.250000 5.710786 
431.573231 13.906916 417.306112 23.104797 5.322243 0.062500 5.786727 
169.417758 472.826933 229.437836 481.436974 6.912137 0.250000 39.264102 
670.941369 491.843874 673.401373 516.847809 3.854371 0.062500 1.158954 
440.859319 116.327803 444.553434 126.348405 9.198897 0.250000 4.543097 
415.597395 492.195086 378.053231 488.957169 6.485177 0.250000 24.148542 
693.054450 407.440326 710.667776 406.798039 4.996679 0.250000 8.449559 
740.438040 9.132876 745.015292 29.229163 3.270366 0.250000 2.319599 
455.839305 37.318640 468.911821 31.003825 4.111046 0.062500 1.309041 
544.470345 349.463335 530.710443 348.333978 6.535808 0.125000 6.271159 
688.907227 6.743986 692.878849 30.456867 4.105376 0.250000 5.112972 
473.061191 521.308723 478.341071 532.368589 4.410181 0.125000 0.725547 
565.929100 433.501248 562.249346 412.025035 6.616982 0.250000 0.004348 
536.103812 364.970836 526.365515 372.796501 4.703358 0.250000 0.512475 
589.625391 438.970175 600.119639 420.340329 4.907926 0.250000 3.952619 
513.744278 372.182900 516.799040 390.842078 2.205067 0.125000 1.281736 
733.888775 434.592537 739.382448 446.871668 5.585013 0.062500 2.042038 
253.043921 80.616379 255.437637 58.105077 2.082461 0.062500 0.415089 
445.218512 4.718273 431.795454 10.735859 5.978601 0.062500 9.541141 
637.448889 47.481126 675.883118 81.737839 4.543964 0.250000 33.127916 
451.683308 420.592191 471.109249 428.126434 7.825668 0.250000 11.656835 
546.919869 333.329483 533.016442 336.380265 6.223356 0.125000 1.641909 
603.161863 498.047746 561.874074 499.345547 4.801172 0.250000 25.255078 
710.004665 450.488618 721.472482 441.368847 7.449399 0.250000 0.299698 
266.736703 103.991472 280.500066 99.028531 3.506312 0.125000 1.247071 
676.052268 81.404545 685.552939 90.666731 5.302873 0.250000 0.799624 
703.394799 56.167432 688.882837 63.385504 3.771786 0.125000 0.828348 
359.468619 386.245950 219.226278 365.374303 5.997908 0.250000 92.688363 
259.449466 437.899014 272.431201 452.801608 4.896936 0.250000 4.038992 
521.366869 4.740215 531.605261 0.037717 4.972922 0.062500 4.794310 
509.712618 351.271756 492.840208 360.079440 2.506381 0.125000 1.600937 
694.515254 440.425056 701.892547 445.599985 4.052341 0.062500 0.483006 
750.172992 47.904246 751.681159 61.895894 7.322844 0.062500 3.266668 
777.719162 48.261470 779.356388 68.126534 6.536901 0.250000 6.839864 
738.689689 447.403250 745.894352 465.517872 5.107978 0.250000 4.543097 
445.984937 131.497279 448.126395 140.624673 2.686384 0.125000 0.719617 
528.072069 342.156751 546.902462 341.127351 6.513609 0.250000 7.353706 
710.717487 10.508405 703.523437 23.182074 5.141265 0.250000 1.321347 
652.986305 23.384703 649.203497 3.157073 4.375440 0.250000 0.557853 
603.655105 347.998016 608.309835 367.429586 9.142491 0.250000 2.917854 
748.047687 64.999472 745.221609 48.406604 10.250789 0.062500 9.926337 
561.846753 503.410654 601.849047 502.238949 4.888063 0.250000 23.054333 
742.253831 33.045460 735.401508 0.409472 4.501470 0.250000 9.731018 
463.600027 333.467563 455.305850 317.700440 5.007036 0.250000 7.902992 
646.876351 403.326809 688.141236 403.050591 10.058345 0.250000 49.113751 
759.402503 393.654249 718.198815 395.795446 4.588259 0.250000 10.498437 
233.362281 64.542265 237.079380 87.047699 2.449875 0.062500 0.011685 
553.124537 154.375241 536.122041 121.666157 4.524314 0.250000 40.575221 
523.019544 126.322765 537.104961 187.398521 4.874443 0.250000 29.988103 
706.077002 26.989845 708.393550 43.086351 3.177576 0.031250 9.899537 
184.627286 463.106671 169.404389 461.581642 7.961051 0.062500 1.072164 
483.804081 220.954857 473.179495 202.565720 4.834354 0.062500 0.540081 
721.582564 0.429043 728.513044 34.295590 3.257897 0.250000 16.460769 
400.727017 65.980936 406.822752 85.641200 4.572299 0.250000 4.092805 
434.121188 15.089537 468.505734 -1.208878 6.117474 0.250000 20.321008 
407.639307 86.010565 417.937863 95.821439 5.344600 0.125000 0.946408 
381.956744 368.537012 401.676507 364.624549 10.548384 0.250000 7.487937 
339.368876 428.711508 371.171283 400.282791 22.154110 0.250000 147.091148 
721.669935 35.664957 718.012975 16.896828 4.190506 0.031250 11.659493 
541.466551 356.591759 535.566113 365.100531 4.903610 0.125000 2.606941 
596.793679 310.609064 596.639249 335.623545 8.834719 0.250000 13.217544 
710.320936 524.480713 729.075324 519.497228 4.097208 0.125000 3.859463 
583.538490 7.673056 588.395767 25.551437 5.034352 0.250000 2.020326 
524.406251 502.315261 558.154226 503.617712 3.891828 0.250000 13.731213 
782.607480 438.526099 785.719588 423.144137 5.486655 0.125000 1.979687 
774.543454 506.793985 767.275755 491.682265 4.548939 0.250000 6.186302 
242.824136 59.268141 242.126550 69.392333 3.569280 0.125000 2.904780 
653.200736 514.110841 665.952887 529.300302 5.969003 0.250000 7.381285 
415.513735 22.145979 419.441393 5.640799 7.006884 0.250000 1.309141 
505.477248 260.862717 496.022187 254.985969 4.102863 0.125000 4.632470 
645.073087 0.234846 650.416811 26.916695 4.415081 0.250000 2.168126 
701.521805 44.437286 699.522313 33.099022 3.475929 0.062500 1.545036 
470.950156 532.041767 470.070628 520.571659 3.930162 0.062500 3.738627 
558.158574 499.950670 524.305785 498.265168 4.864231 0.250000 14.085108 
253.907058 420.788734 259.518158 436.824909 4.778083 0.125000 1.987739 
404.858973 397.416334 415.170534 399.964249 5.717063 0.250000 0.681378 
254.466469 115.459680 244.692198 110.051703 4.920620 0.062500 1.662485 
431.648192 308.711293 422.957176 328.049577 2.454923 0.125000 4.725529 
581.334320 229.591770 567.168071 194.257502 4.165063 0.250000 12.635545 
785.661262 388.536421 798.174229 387.433535 6.922293 0.125000 1.979687 
724.882188 388.256275 718.137731 377.662715 4.699198 0.250000 0.138324 
721.795478 442.077557 726.683582 430.039697 4.885329 0.125000 2.808485 
332.389702 458.926877 319.013600 454.133499 2.643638 0.125000 2.904780 
539.304605 378.265291 540.054987 371.955871 8.688767 0.062500 1.309041 
496.664313 254.008613 484.976264 220.853698 4.164197 0.250000 12.250617 
625.594563 402.904254 641.978094 403.388742 8.783125 0.031250 10.118560 
418.120909 499.924110 440.628673 499.876917 3.781443 0.125000 1.979687 
298.229241 484.558932 273.102799 482.102047 4.097138 0.250000 4.998796 
234.239162 110.484795 232.361520 95.563777 6.825365 0.062500 5.720690 
273.094543 485.962862 302.059892 488.573988 4.194210 0.250000 14.702983 
653.328316 57.903788 608.437701 16.644800 3.681305 0.250000 14.451202 
511.283955 112.668030 523.267466 120.404320 11.791209 0.250000 15.090584 
676.257139 77.501282 660.725122 61.759559 4.796717 0.250000 1.531228 
757.675645 57.575560 762.787079 42.613630 5.001369 0.250000 1.230570 
777.807107 515.728556 774.493919 505.557854 5.412961 0.125000 3.848181 
452.776310 217.932115 461.965878 260.873058 4.542118 0.250000 15.549755 
464.068577 349.386837 464.225758 336.857446 3.781065 0.250000 5.235067 
767.491488 46.721874 757.601132 63.551724 4.622199 0.125000 4.070209 
718.289742 420.685200 717.517853 406.770002 5.476951 0.062500 3.592666 
255.638660 377.007680 271.870952 377.206128 8.810469 0.125000 9.259875 
371.031680 393.457038 384.401394 379.456524 4.845917 0.250000 8.244392 
440.658611 496.380340 419.252636 494.925849 4.758247 0.250000 2.020483 
696.691958 19.649983 694.200976 6.668533 4.439290 0.125000 2.538027 
710.836703 437.546427 700.108332 433.620847 10.250132 0.250000 5.407243 
594.873549 8.821120 637.688991 47.359399 3.808143 0.250000 22.726148 
605.238886 404.003585 625.404250 402.554037 7.391075 0.250000 1.590516 
717.101494 0.318523 724.427821 35.614036 2.863257 0.062500 10.791727 
596.290139 341.136965 603.605027 347.729358 8.265235 0.250000 6.812994 
461.809816 439.570911 455.808300 437.574086 3.097477 0.062500 1.020647 
751.802858 97.789908 798.126381 99.333569 3.789920 0.250000 5.747483 
197.823733 525.239141 54.141402 504.764277 4.795250 0.250000 107.507284 
471.248326 404.191563 466.986592 389.710019 7.194911 0.125000 1.914220 
139.757257 392.692138 114.213658 389.362891 8.191953 0.250000 14.314781 
511.416778 390.706990 510.962904 374.330990 5.413852 0.250000 2.627905 
67.011060 376.372670 0.242327 358.287818 4.575161 0.250000 81.913698 
376.506743 376.356177 384.095299 370.969866 5.786506 0.250000 0.615408 
525.435109 100.491415 523.981030 88.952104 8.837625 0.250000 5.556278 
553.029143 246.942398 547.846238 239.571000 3.747057 0.125000 0.345871 
566.265050 194.951790 553.742589 154.571117 5.682482 0.250000 19.947719 
458.043354 363.653351 464.009710 350.459809 4.120445 0.250000 3.443583 
314.200191 73.052228 311.169897 80.331471 3.268801 0.062500 0.197800 
309.278882 443.329116 324.988473 450.726730 2.794310 0.125000 1.806795 
547.119517 22.823363 568.503571 40.157994 3.884116 0.125000 1.190593 
589.359334 394.448162 572.257263 376.510543 4.312807 0.250000 10.048563 
333.486726 29.767087 339.808793 41.644094 6.905576 0.250000 6.470527 
543.569357 303.837718 559.459802 321.799980 3.348613 0.250000 8.978449 
798.130776 102.714814 765.619621 102.256974 3.837635 0.250000 13.207951 
70.515527 532.603455 0.408193 522.067678 4.887182 0.250000 55.694159 
559.658463 301.702638 549.190486 284.487195 2.887274 0.062500 1.605576 
268.860094 378.031861 356.505974 390.681814 9.744396 0.250000 61.022003 
517.702375 391.537640 524.452878 408.093245 3.730831 0.062500 7.895381 
400.665478 437.889143 367.845004 432.256490 6.123327 0.250000 12.905242 
564.482038 25.698250 562.865940 0.481383 6.845077 0.250000 15.585071 
501.495665 349.714881 519.068838 342.390441 5.960963 0.125000 0.744272 
535.231698 126.568987 541.906925 145.256598 5.970066 0.250000 3.967982 
570.117539 37.495659 549.418509 20.571786 3.256134 0.250000 2.073245 
476.858692 379.390968 495.396409 398.322809 5.303008 0.250000 9.261263 
522.779593 113.181994 523.588750 100.339195 9.980211 0.250000 10.892571 
520.762487 376.626254 525.004527 400.288042 4.759677 0.125000 4.157031 
121.943106 518.834379 199.317455 528.581789 4.364932 0.250000 79.979950 
691.000355 463.240353 695.643789 448.130774 2.537201 0.125000 1.281736 
798.680298 134.867493 790.786879 137.382967 4.132284 0.125000 0.313402 
275.013526 104.582703 241.337311 124.339180 5.807565 0.250000 20.796433 
549.616413 281.316175 565.484426 304.471334 3.035734 0.250000 0.070791 
673.235587 517.453476 688.440779 519.957468 3.667893 0.125000 1.766835 
252.281442 418.761868 139.838059 394.232336 6.131967 0.250000 75.574928 
462.545049 261.504499 475.646327 288.763983 4.026024 0.250000 19.552150 
455.317761 322.506168 434.286929 332.947610 2.278591 0.250000 1.178949 
390.791273 49.830554 364.003714 59.607752 6.000157 0.250000 18.756321 
417.056059 400.058501 431.289578 406.700931 6.645360 0.250000 1.565638 
435.914558 326.835226 454.119987 319.950650 8.469252 0.250000 4.305588 
768.924562 54.626237 766.494825 38.181170 3.892430 0.062500 0.398632 
473.905903 188.540425 468.925698 167.931509 6.449884 0.250000 6.860261 
686.950257 19.259308 685.316355 0.542822 2.920626 0.062500 2.288204 
462.626093 128.122237 472.507083 112.268963 8.748096 0.250000 15.663255 
660.546635 0.357161 670.943640 45.837911 5.014202 0.250000 18.526480 
677.069083 30.554186 682.889002 46.505025 3.840202 0.125000 4.874185 
372.358459 404.956478 396.046095 387.444598 19.406470 0.250000 112.731538 
238.306594 74.516420 236.540838 45.569135 5.036867 0.250000 13.251539 
487.097594 299.306855 481.770788 281.906903 10.488799 0.250000 8.059336 
755.002104 480.685099 752.327159 452.960769 5.053185 0.250000 13.366127 
273.697328 448.928330 260.477814 431.989871 5.023434 0.125000 0.643379 
726.209650 34.511275 719.273428 0.645804 1.563873 0.250000 6.439187 
361.688895 430.284447 385.763403 417.128264 3.800505 0.250000 4.464856 
661.284275 448.802796 670.725525 439.452249 8.855797 0.250000 14.002025 
7.949587 500.467544 121.775798 518.742871 4.449943 0.250000 104.321221 
689.134280 521.053568 705.223157 530.090426 4.702645 0.250000 7.902992 
772.949052 392.185512 785.477819 389.839117 9.829112 0.250000 11.125560 
53.417420 503.815751 7.987908 496.473212 4.262959 0.250000 33.718716 
766.816963 32.840744 776.098812 71.762006 2.487846 0.062500 3.089945 
521.942224 396.857625 516.480693 375.726914 2.108260 0.125000 0.794157 
684.223232 28.596995 686.125771 39.285867 5.141678 0.062500 2.653494 
535.925175 117.975779 528.955287 103.955035 3.377364 0.250000 4.413882 
410.999170 41.265861 393.437517 51.519323 8.099468 0.250000 5.030133 
421.100596 335.686617 418.033143 359.363099 2.524471 0.250000 5.015813 
507.361755 392.765744 514.860118 409.713416 3.914497 0.062500 1.960743 
495.383723 405.847775 479.806375 388.976704 2.543908 0.250000 2.309288 
785.959984 50.739616 786.349408 36.860253 8.991967 0.250000 1.267236 
417.974674 360.644838 420.167959 377.265222 3.052878 0.125000 0.725547 
458.391083 229.332407 452.803510 194.426463 4.544306 0.250000 9.294997 
511.620511 409.674225 493.907439 391.127722 6.287105 0.125000 3.877243 
765.442884 500.093639 774.237394 532.916635 9.486024 0.250000 29.274995 
468.601323 201.045969 484.907991 231.015135 5.393061 0.250000 15.504128 
729.701380 520.422256 750.490455 513.943285 4.990232 0.250000 11.118501 
781.365123 531.272328 778.339328 523.046165 4.261104 0.062500 1.545036 
363.852214 60.838191 276.006773 105.132147 3.892343 0.250000 52.161198 
403.280014 327.249865 411.819736 323.718524 6.531210 0.250000 0.681378 
471.619810 432.716192 446.558567 424.145265 5.852219 0.250000 12.653313 
550.476272 289.435627 560.818154 314.805812 3.000714 0.125000 4.906560 
548.060376 -0.765087 560.341501 9.707458 4.755696 0.250000 0.799624 
497.276547 300.511810 492.743484 334.490862 3.635111 0.250000 8.342211 
547.101336 431.832115 544.271035 416.894699 3.102210 0.125000 3.224586 
725.384103 516.149046 710.377384 521.128796 6.320282 0.062500 3.959438 
715.799577 409.533752 707.370948 418.802618 7.063112 0.250000 0.557853 
263.796140 431.052456 274.492882 445.537951 2.320582 0.062500 3.687715 
306.976616 362.523088 343.453165 368.681157 4.978069 0.250000 16.479772 
400.413584 376.826705 415.603184 379.499007 9.050824 0.250000 7.334810 
538.941846 187.875803 543.951510 229.426060 3.767031 0.250000 15.210716 
418.054905 25.583771 412.399759 35.198428 3.339664 0.062500 5.137611 
494.950204 256.694162 498.261047 267.225214 4.769303 0.125000 4.860217 
548.053017 390.891382 568.891453 378.558001 9.088529 0.250000 7.755029 
241.193253 124.178746 225.969200 131.355183 3.730906 0.125000 6.829164 
675.933797 34.306243 668.360685 0.294198 4.737440 0.250000 8.458575 
460.766427 509.248632 459.327736 521.869612 5.534120 0.250000 5.075978 
448.927157 134.875996 461.808860 127.173795 9.423213 0.250000 13.438832 
526.967433 381.272699 532.061367 370.714918 2.209252 0.125000 0.719617 
753.247818 508.135908 754.909858 489.422504 3.403545 0.125000 4.348468 
784.442368 33.125293 775.516226 33.606252 4.077222 0.062500 3.156721 
85.816831 381.101143 67.276533 376.505193 4.261836 0.250000 16.072147 
415.171080 362.156909 418.498836 338.004282 4.567973 0.125000 1.276225 
560.396665 318.310296 546.259190 300.889126 4.177127 0.250000 1.043587 
730.579114 123.453633 745.542002 122.708446 6.490967 0.250000 4.676704 
566.843779 201.423091 578.948717 234.069575 4.819800 0.250000 8.090644 
481.689526 406.461487 476.393091 392.826636 5.113329 0.125000 3.543872 
350.890475 437.157174 394.907543 442.426044 10.523380 0.250000 65.548299 
386.289155 417.101096 391.718010 431.168001 6.812990 0.250000 9.679921 
484.971895 425.360282 480.855002 416.077360 3.934768 0.125000 5.510268 
503.252976 367.267050 515.286779 363.338874 3.592248 0.250000 0.882345 
605.729669 374.839655 600.347855 390.529938 8.310956 0.250000 8.774025 
588.606243 284.370373 588.329720 255.611013 5.083897 0.250000 2.280847 
770.911993 494.818442 777.695886 486.718672 3.385770 0.125000 0.345871 
449.971342 163.127583 450.047200 145.617082 2.575788 0.250000 3.428887 
776.304360 382.919722 782.521061 375.142258 5.817974 0.250000 1.743596 
546.407022 366.901802 547.208296 380.892275 7.130360 0.125000 0.467052 
234.349852 529.563608 198.078030 524.727267 4.047519 0.250000 20.795316 
794.989306 73.262374 791.208952 55.768934 3.665390 0.062500 4.170849 
344.184479 364.371556 304.164094 358.254936 5.115259 0.250000 18.867163 
467.787783 373.862069 477.948527 378.510724 5.888608 0.250000 2.124534 
521.899451 370.656468 535.318045 360.229958 3.508024 0.250000 4.012086 
550.605649 318.915881 544.020074 308.346140 4.243689 0.062500 3.440162 
234.438011 472.665475 218.487914 470.478357 5.123460 0.250000 1.110305 
519.718454 421.647268 512.052637 410.086044 3.487660 0.125000 1.806795 
196.740794 527.862017 233.000278 532.792266 3.547394 0.250000 4.016778 
234.311512 124.240797 244.415599 119.460819 2.199028 0.062500 1.347802 
414.023230 380.062579 437.734185 385.001309 13.766708 0.250000 33.370781 
788.003062 515.421344 798.669702 509.034738 3.446309 0.125000 0.604710 
397.053258 433.123989 396.932700 411.874673 5.007011 0.250000 4.961130 
364.359306 425.607436 349.808203 438.609803 2.042315 0.125000 0.604710 
497.372570 333.151449 497.694681 311.868487 2.461881 0.062500 11.817889 
452.357099 195.515499 450.384408 164.311187 5.843219 0.250000 18.987819 
739.098067 489.348562 738.966831 503.133015 2.523630 0.125000 4.813361 
582.753125 39.765572 567.278089 23.953878 3.668475 0.250000 0.108769 
551.414761 12.439304 536.145948 -0.013740 3.441943 0.250000 3.681576 
576.569095 359.591840 588.587696 376.547020 2.504359 0.125000 6.391993 
748.086751 513.096819 751.793836 508.065201 4.999773 0.125000 0.313402 
474.717250 201.789940 474.047826 189.258925 3.744660 0.250000 4.030947 
442.542872 372.479678 426.590445 357.122156 5.436674 0.250000 11.035032 
409.997483 31.918281 383.838029 44.509380 3.547275 0.125000 2.425540 
763.096278 1.023271 786.813077 2.733647 2.133875 0.250000 2.125236 
768.024073 124.357652 780.643134 123.352712 5.506043 0.250000 0.908566 
485.352302 376.028516 493.122221 381.279467 5.981591 0.250000 0.138324 
789.461453 471.854593 794.476541 493.101032 5.221350 0.250000 2.091216 
777.961093 73.162102 769.190685 34.416721 1.146093 0.125000 0.217637 
422.526528 35.462305 411.861707 41.852816 3.220926 0.062500 7.790195 
465.978403 155.764319 464.357412 130.788397 5.118402 0.250000 6.360699 
113.266202 388.843575 90.698781 382.847317 4.190345 0.250000 21.613370 
430.988914 356.510399 445.378045 370.872421 2.662484 0.250000 3.279470 
580.297411 247.334449 585.446847 261.484950 3.768288 0.125000 1.766835 
532.551103 1.064892 580.226869 40.854288 3.983099 0.250000 29.656280 
468.767492 167.540252 464.740588 156.296390 6.726949 0.250000 3.307585 
196.577703 415.918757 204.737963 417.490260 7.837439 0.062500 5.269628 
537.444829 471.842956 538.219543 485.619683 2.564266 0.125000 0.345871 
0.257754 369.580512 99.620712 394.651164 6.455627 0.250000 97.605874 
543.095961 421.874180 542.742206 434.399493 3.677925 0.125000 0.463824 
0.426223 362.628524 64.344669 379.489978 3.455183 0.250000 54.110825 
153.176237 461.599223 126.679661 456.676389 3.827929 0.250000 0.204067 
123.635987 397.479972 143.690003 402.253022 10.654854 0.250000 26.852201 
236.038793 389.401912 236.720687 410.589737 4.190351 0.250000 3.585223 
205.196854 417.815071 254.506034 427.454729 5.488402 0.250000 48.499535 
395.863082 29.030705 360.229211 4.389707 8.454843 0.250000 32.481774 
446.091256 343.537698 462.100861 347.113880 7.734708 0.250000 1.049845 
404.321224 390.753507 386.818329 372.084310 6.972881 0.250000 0.633286 
461.813600 349.879902 430.569622 346.080376 2.934413 0.250000 4.161995 
568.896543 300.242403 554.679625 282.638484 6.058879 0.250000 4.175282 
100.075768 394.296137 124.621953 400.966200 6.359073 0.250000 15.162887 
178.072034 467.200142 209.506015 472.320733 3.098286 0.250000 15.186700 
532.819410 155.682851 529.719851 139.309717 2.202054 0.125000 2.039297 
581.731884 243.137109 580.663992 230.515937 2.893550 0.062500 9.470365 
91.637412 503.204650 113.312156 507.077589 2.530259 0.250000 2.309288 
310.635236 84.395385 337.113443 71.099862 2.272245 0.250000 1.747150 
141.398147 402.150314 194.598597 413.987868 10.722519 0.250000 79.734419 
443.368520 387.378297 453.537013 390.694515 9.894755 0.250000 3.464396 
126.894974 460.506905 165.800548 467.087064 4.359305 0.250000 4.888188 
430.716498 341.378778 441.056407 343.285350 9.284939 0.125000 4.053050 
250.899910 409.392784 251.796132 395.539033 3.984265 0.125000 0.084032 
403.612450 353.302387 406.825965 344.471810 7.902757 0.250000 3.035588 
542.864856 396.929049 543.825001 379.344968 6.377008 0.250000 3.476916 
548.663014 485.980547 546.569902 474.430289 4.028301 0.125000 1.010272 
784.838303 398.365308 774.733317 401.506720 6.202566 0.125000 0.713402 
499.643338 311.857077 500.978817 331.851368 3.991580 0.125000 2.354680 
455.618608 395.494397 467.270228 407.819698 11.110856 0.250000 4.738108 
525.487031 441.979889 505.476308 444.390891 4.964099 0.250000 4.497883 
303.139908 435.593953 325.326157 446.247355 2.482064 0.125000 5.218660 
414.191439 36.519828 485.207476 -0.182868 3.406109 0.250000 30.914102 
399.374124 402.106431 415.623891 402.167961 3.811504 0.250000 6.184670 
465.758345 257.955531 461.798778 225.634338 5.595633 0.250000 17.996037 
644.382072 335.224304 618.118192 334.760739 2.742264 0.250000 5.722488 
566.734012 389.156472 545.465738 402.878148 1.475732 0.125000 0.450718 
489.411658 0.696480 429.724720 31.306916 2.623431 0.250000 30.353454 
237.090971 409.792693 252.056381 413.675995 5.107772 0.250000 7.300513 
483.998514 232.015556 488.858918 245.034345 9.212287 0.125000 1.944654 
619.366713 338.551547 643.126886 338.312439 2.650817 0.250000 6.775545 
697.594833 508.596401 680.557437 489.435074 4.362297 0.250000 3.944421 
531.893761 431.862620 521.964770 416.815763 2.526239 0.125000 2.244321 
251.531423 396.007030 237.860983 393.129114 5.600929 0.250000 4.646729 
696.847993 111.306464 718.050149 110.299295 3.386865 0.250000 13.663907 
166.926660 464.153995 155.428356 461.466256 3.003416 0.125000 0.345871 
731.837156 398.833062 756.889570 397.083641 3.016383 0.250000 10.918832 
208.189738 475.231861 178.180130 470.290206 2.263678 0.250000 3.969891 
249.417804 531.476867 234.456352 529.868324 2.438260 0.125000 1.191364 
388.374536 412.347514 365.103293 424.637111 4.210351 0.250000 3.464920 
541.728073 145.668778 551.335621 177.913264 10.067699 0.250000 30.763106 
538.491935 173.192648 536.661274 149.295615 5.271827 0.250000 0.330500 
114.445853 503.967714 96.826706 500.902606 2.516932 0.250000 1.469846 
640.630894 344.885414 610.620461 345.231937 2.629726 0.250000 10.253299 
615.620380 348.724161 635.628245 348.582136 2.544301 0.250000 5.235067 
694.256596 512.784861 709.187809 507.587254 3.310330 0.250000 0.615408 
734.077493 31.103098 727.717595 2.657141 6.788705 0.250000 14.144367 
86.426497 353.143613 85.991309 371.883507 3.952132 0.250000 2.785732 
442.147779 334.893470 456.986316 327.086577 10.129510 0.250000 4.461391 
100.274920 335.439670 0.388137 302.595352 5.269022 0.250000 56.656702 
322.361802 418.254405 321.386165 403.076074 3.037095 0.250000 0.053041 
476.179310 279.075985 465.046049 258.437308 4.660879 0.250000 5.459102 
17.040677 288.916897 0.271584 282.852210 3.526460 0.250000 6.176312 
217.089017 370.942412 255.807922 379.827910 5.073251 0.250000 25.680258 
371.928483 0.540060 390.991364 12.543154 10.577775 0.250000 30.742549 
55.061792 441.787237 12.821480 431.924985 4.263088 0.250000 15.504128 
171.909258 351.737203 106.003634 335.352032 4.825420 0.250000 47.757430 
484.643184 280.768897 483.905315 269.324689 5.362998 0.250000 1.585586 
468.485445 418.434666 446.615637 410.051631 6.010964 0.250000 2.133153 
577.750734 305.209456 582.517992 315.256168 3.682427 0.062500 3.749903 
575.102922 1.756335 579.400817 28.120791 2.266311 0.125000 3.313130 
563.481102 348.147231 563.044604 330.595912 4.559534 0.250000 6.186302 
40.861215 320.418797 59.391306 330.595309 5.693798 0.250000 2.168126 
551.786143 202.673686 543.954467 182.524304 8.608461 0.250000 6.404235 
582.433647 26.999065 577.675009 0.481437 2.239905 0.125000 4.091919 
107.950092 345.383783 124.567461 348.264979 6.207766 0.062500 10.484301 
412.226066 370.313421 405.128142 362.315973 3.833959 0.125000 3.791182 
566.047661 213.651521 549.576984 204.029258 3.067254 0.250000 2.875968 
341.891733 0.600677 364.751770 16.327333 1.935615 0.250000 0.615408 
124.934768 348.352337 161.741265 357.417964 4.573896 0.250000 14.071453 
463.401160 211.851387 464.480365 224.472873 4.676301 0.125000 0.396140 
482.433452 268.978009 473.422460 256.302139 4.504913 0.125000 2.926054 
60.450256 329.926594 93.224936 340.309543 3.834180 0.250000 9.303011 
435.565500 390.725965 446.268367 397.033270 8.557732 0.250000 6.065244 
228.839424 96.831490 227.418856 114.317633 2.474087 0.062500 0.188521 
49.311990 298.337537 20.159612 289.694773 3.240024 0.250000 2.497903 
72.884081 381.389168 91.731206 387.331097 2.319708 0.125000 0.217637 
680.627467 124.520067 710.618795 124.010079 1.356082 0.250000 0.418587 
97.954372 446.738168 79.260387 443.872726 2.603698 0.125000 1.010272 
714.389074 120.910235 685.626960 120.490647 1.250000 0.007812 8.984314 
743.111824 402.747582 761.882586 402.092295 2.454867 0.015625 17.857421 
