475.573556 187.110492 483.054321 186.731156 2.750008 0.061111 2.478619 
523.106407 185.583520 531.854594 185.457575 2.625699 0.007639 3.156197 
808.295120 184.364936 806.517794 154.322182 2.636143 0.122222 13.514091 
241.878168 286.898030 203.003959 292.244989 3.793258 0.122222 40.716131 
288.214146 105.814649 250.559931 102.648966 3.852586 0.122222 44.637390 
180.271667 296.063117 233.559044 272.872339 3.544882 0.122222 77.299501 
170.901282 308.324535 178.811997 297.371161 4.109667 0.122222 3.160116 
663.411128 160.612482 664.232280 179.381244 1.904443 0.122222 4.917745 
302.635762 111.931369 283.043041 104.593847 3.800965 0.122222 16.339549 
715.632145 179.946844 739.378438 179.650133 2.640363 0.122222 17.699606 
236.747174 268.483311 240.480092 282.837615 3.580626 0.122222 1.039504 
926.717902 218.208158 931.430196 227.110450 6.238277 0.122222 2.384843 
173.596095 318.389646 170.923466 310.523591 2.948494 0.122222 0.054517 
250.555390 103.608347 240.524589 104.519114 3.282512 0.122222 1.545638 
775.609990 178.124573 801.871211 177.809327 2.769896 0.122222 22.299063 
240.230245 103.223501 199.201576 88.611967 4.726919 0.122222 41.346018 
258.891034 92.121438 307.016992 107.685957 4.195741 0.122222 60.385206 
574.864516 160.604748 575.744281 181.870065 1.299533 0.122222 2.793066 
306.460435 106.011850 314.315925 114.430126 3.777810 0.122222 0.514749 
811.864720 179.636634 838.221373 180.672222 4.701687 0.122222 13.340925 
880.374618 142.864602 877.166453 130.549077 3.313788 0.122222 1.573045 
223.093861 87.673107 243.112158 88.454142 3.082895 0.122222 25.614312 
243.089785 88.509218 254.422721 88.048262 2.904338 0.122222 8.270165 
663.128379 181.128292 684.377421 180.985623 1.384252 0.015278 5.704384 
619.360648 182.628668 634.384231 182.194235 3.712302 0.122222 1.824000 
191.735885 79.864447 226.749562 89.816329 4.657387 0.122222 34.258491 
197.964665 89.662681 177.920736 78.491501 4.510173 0.122222 13.459589 
386.908469 146.363526 358.104330 147.668888 3.063338 0.122222 25.699519 
206.985575 290.850440 183.393320 302.422051 3.874556 0.122222 22.060397 
740.614545 183.855340 715.624660 184.358112 2.574925 0.122222 19.503109 
683.133022 158.389608 663.151385 158.995359 4.013416 0.122222 23.955601 
685.614958 185.306859 664.346692 185.978175 2.932547 0.122222 24.016373 
353.080920 201.917986 284.376901 204.427045 2.607018 0.122222 63.489818 
576.855762 183.841653 588.131419 183.720013 3.857653 0.122222 18.311513 
710.634975 184.770845 689.366981 185.306783 1.753429 0.122222 14.660114 
915.983293 228.195024 918.003732 217.857003 2.575849 0.122222 1.880216 
266.879081 149.281948 253.100762 148.677615 1.577442 0.122222 0.054517 
883.644795 225.753380 886.842030 212.808130 3.655258 0.122222 6.671095 
800.640941 157.687487 773.123262 157.900170 3.923785 0.122222 37.296656 
775.459523 159.385274 776.546687 176.895384 2.968187 0.122222 1.824000 
849.379045 177.399353 813.123204 177.197260 2.674149 0.122222 25.631679 
359.346566 207.366858 386.901569 206.333412 3.060421 0.122222 15.341456 
355.621428 140.534260 390.665535 139.154663 4.484666 0.122222 43.343017 
856.808931 156.917604 880.624420 155.614408 2.359669 0.122222 14.996636 
251.855661 142.931084 285.640112 143.549749 3.772258 0.122222 53.681292 
663.101288 186.021310 616.852249 187.305895 2.950212 0.122222 42.834764 
839.410475 179.125326 885.615711 185.690374 2.995966 0.122222 20.109992 
684.360573 151.755852 848.127855 152.406568 8.056215 0.122222 300.178526 
789.428846 184.091220 761.823660 184.761926 7.649595 0.122222 42.960797 
941.399167 151.519515 951.416698 173.335445 7.244674 0.122222 38.742516 
929.573170 192.032026 854.327144 178.388940 3.128909 0.122222 58.576155 
760.683826 183.168027 743.106470 183.967700 3.802935 0.122222 11.188348 
856.783467 142.967581 901.989788 146.754839 7.382731 0.122222 73.256410 
34.229788 258.291268 29.019085 214.566377 4.135262 0.122222 56.763828 
352.093054 178.257016 353.921913 140.602994 5.903729 0.122222 27.941346 
899.543478 146.854770 943.317089 144.877465 7.428168 0.122222 64.315659 
391.788167 204.987769 409.470826 202.578234 4.390750 0.122222 8.920029 
811.902727 159.808049 855.633522 157.008097 3.852685 0.122222 25.269611 
253.310316 240.457929 249.975134 211.805144 6.004461 0.122222 30.241417 
316.886770 268.151019 267.400349 290.536368 6.047533 0.122222 107.207906 
411.876396 200.453836 393.127645 200.300869 1.321345 0.061111 0.108600 
492.260323 138.273826 494.176899 149.409097 3.867399 0.122222 5.783425 
802.729590 151.900567 804.913138 185.671028 2.978719 0.122222 20.616558 
850.481189 224.627095 853.706893 210.472742 3.378509 0.122222 0.259395 
409.536696 202.758297 400.195766 230.480370 4.789650 0.122222 36.712713 
489.909727 129.249165 491.713240 136.913066 3.363953 0.122222 0.967366 
617.057904 160.619292 617.682710 180.638804 1.795298 0.122222 5.783425 
880.640233 153.448739 861.872967 154.331785 2.071126 0.122222 11.008714 
383.428714 236.693032 355.684068 244.582718 5.823708 0.122222 54.895283 
881.889841 158.500067 825.678394 160.724348 2.583462 0.122222 42.175014 
849.369671 155.458769 810.659453 156.699728 2.010337 0.122222 27.630898 
570.640153 188.662468 538.095538 189.580014 2.816058 0.122222 33.754506 
613.139548 187.350932 573.138715 188.573669 3.098987 0.122222 37.689567 
634.371468 158.962721 615.622844 159.123321 3.856932 0.122222 14.469884 
31.508798 173.981447 42.770232 127.734231 4.171909 0.122222 54.473786 
288.464617 146.882955 287.293461 196.884801 4.559582 0.122222 50.938082 
947.177612 208.469002 889.584095 200.385277 5.255648 0.122222 79.188113 
358.593101 243.012229 316.767906 267.009723 5.438745 0.122222 104.974782 
267.055836 289.966979 245.701041 284.098304 6.449743 0.122222 18.801092 
951.608108 183.862914 944.785248 204.510563 7.926254 0.122222 40.102761 
241.532245 276.960605 243.179957 259.498132 4.743039 0.122222 13.514091 
836.891207 163.357963 914.364095 157.968256 2.927730 0.122222 59.870931 
285.588030 208.351780 354.338607 205.867744 4.875916 0.122222 141.455050 
947.554919 201.907300 947.986495 209.524493 6.452120 0.122222 9.261573 
246.579807 282.437047 242.333989 276.544291 5.282301 0.122222 0.070218 
243.146067 263.621764 253.205249 237.883425 5.005165 0.122222 42.033096 
398.664453 231.491573 383.765065 237.972862 5.530610 0.122222 28.455357 
838.551900 138.953880 857.082509 143.535766 6.380619 0.122222 17.395827 
659.369453 178.961019 636.873492 179.262469 1.501119 0.122222 0.654907 
242.002934 123.096911 238.998501 243.115575 3.999078 0.122222 144.502189 
846.875354 151.471637 829.375367 151.456295 1.264246 0.015278 7.916214 
713.121983 177.782796 689.373829 177.992145 1.459308 0.122222 1.545638 
122.145102 372.651037 112.445707 367.123549 2.784866 0.122222 0.578072 
888.108299 200.473458 841.849973 201.024670 5.297523 0.122222 63.492571 
58.564081 315.400728 40.764953 280.553515 4.124105 0.122222 45.430961 
43.382161 127.001058 59.869133 93.367219 4.335464 0.122222 44.452099 
392.813844 141.856527 393.355687 169.395056 2.966726 0.122222 20.423124 
531.885548 159.154899 520.623927 159.270241 2.589482 0.122222 3.705916 
41.166585 280.086341 34.789075 258.874678 3.481767 0.122222 24.226688 
589.394698 159.254183 574.375029 159.378537 3.832663 0.122222 13.637363 
829.451804 149.347889 839.241873 139.146424 7.215053 0.122222 29.937589 
615.622883 154.122841 635.631968 153.954836 2.636349 0.122222 13.196387 
867.405321 166.846381 868.014295 178.130974 1.787050 0.030556 3.146561 
460.773372 266.834473 468.370903 294.649266 3.729124 0.122222 27.583656 
574.373420 154.206991 589.377038 154.228895 2.521896 0.122222 8.270165 
839.172097 195.960522 821.014950 184.980177 8.556985 0.122222 32.351841 
595.610314 182.390691 614.377807 182.015344 1.574683 0.122222 1.880216 
398.615453 286.866316 398.372453 273.142752 3.749412 0.122222 5.906125 
224.516683 153.145341 228.812437 123.223693 4.777764 0.122222 27.217443 
574.367851 180.427016 555.597189 181.104781 2.543477 0.122222 2.123394 
538.112066 183.599486 570.623870 183.057251 1.666721 0.122222 11.921564 
842.996175 200.994285 839.483077 196.522013 3.931946 0.122222 0.054517 
594.373800 154.226022 613.132652 154.074903 2.630823 0.122222 9.363329 
87.261292 347.778574 58.849001 316.096715 4.586726 0.122222 53.483776 
638.122151 154.115663 659.383318 153.882066 2.705844 0.122222 14.996636 
259.319708 208.138957 279.392476 208.580441 5.411082 0.122222 6.602932 
740.623043 157.913231 714.375285 158.155806 3.923116 0.122222 25.657967 
419.463418 195.069183 404.439827 194.634488 6.572759 0.122222 10.739602 
229.382011 122.424953 240.646115 122.281360 3.813429 0.030556 1.083999 
555.620447 154.242223 569.378529 154.196922 2.545260 0.122222 6.444465 
489.329205 152.943734 553.188674 151.853035 8.395459 0.122222 159.789037 
24.839419 213.224613 26.955397 176.807042 3.961206 0.122222 61.011844 
249.222404 228.103874 246.604882 247.010658 2.686054 0.122222 6.750233 
60.222327 92.820968 80.855814 65.493064 4.315056 0.122222 47.991261 
661.874142 153.866440 683.126191 153.830567 2.525315 0.122222 16.485813 
422.391175 267.149767 426.957162 279.344236 3.353152 0.122222 2.553811 
460.612109 153.915592 484.376435 154.008692 6.328304 0.122222 43.220226 
511.811028 200.603216 505.821519 218.191921 3.197985 0.122222 10.146584 
402.813454 154.835447 409.928574 152.027925 3.938771 0.122222 0.654907 
689.370440 180.486130 711.887207 179.746726 1.946757 0.122222 13.196387 
111.648453 362.804997 86.108636 345.506472 5.574830 0.122222 37.949251 
913.134137 155.754469 895.633084 156.989544 2.214849 0.122222 7.357315 
426.769520 280.555889 417.838265 294.187130 5.588309 0.122222 4.483712 
397.913690 273.847365 405.046071 263.591701 4.594706 0.122222 8.444662 
386.914821 204.067570 360.606159 205.179044 1.706338 0.122222 9.600852 
283.177833 206.924350 283.890626 188.106652 2.356264 0.122222 2.729079 
819.388940 184.435929 804.350764 184.595838 6.223064 0.122222 11.638059 
805.699036 184.211915 789.496310 183.761467 6.594962 0.122222 12.998408 
407.464620 293.817394 398.341386 284.170363 6.357367 0.122222 5.737723 
467.852178 295.465220 466.916873 304.379393 2.877666 0.122222 0.967366 
161.872751 386.880844 124.601123 372.537417 4.669716 0.122222 62.641390 
611.886494 179.916505 593.118417 180.314892 1.647631 0.122222 7.806033 
835.633918 162.136815 813.117464 162.903754 2.413447 0.122222 11.883808 
518.122617 181.728160 504.376237 181.951220 2.519952 0.061111 0.152633 
769.385037 176.423913 744.373281 176.738136 1.548249 0.122222 4.618766 
533.134121 189.677216 519.358943 190.092961 2.800532 0.122222 3.330218 
451.240202 228.423685 443.425000 244.520652 5.557197 0.122222 14.154737 
447.956802 153.842095 456.878475 154.308542 6.567795 0.122222 11.837274 
80.918951 65.926367 98.634205 48.647051 3.711419 0.122222 37.481359 
435.611884 154.022416 443.134508 154.068363 6.280422 0.122222 10.248279 
424.114351 153.654421 431.879514 154.322530 6.226994 0.122222 10.248279 
244.738213 211.776782 248.858736 227.014605 2.838151 0.122222 4.962779 
499.387043 194.795562 420.594268 197.051777 2.606312 0.122222 36.725414 
639.364990 181.554149 659.384502 180.929586 1.795087 0.122222 12.834414 
295.841081 283.505855 351.269648 252.058033 2.760263 0.122222 60.877935 
516.850916 190.098186 504.319960 190.671063 2.896997 0.122222 5.118357 
551.859126 181.219302 535.618644 181.612474 1.582416 0.122222 0.654907 
246.785026 169.750346 248.245498 155.509166 6.599957 0.122222 5.542951 
470.620622 191.670434 461.847886 191.858199 2.659915 0.122222 0.054517 
489.146880 148.145205 486.591036 119.289435 2.522246 0.122222 9.475955 
451.312166 202.364715 435.435064 214.118431 3.535818 0.122222 5.772724 
761.871961 187.331386 745.617414 187.393622 2.562201 0.122222 10.095865 
128.223543 29.689003 170.841325 16.314309 5.119519 0.122222 68.639493 
500.625972 190.658883 473.112750 191.447783 3.820114 0.122222 24.373095 
813.164607 165.135460 823.137554 164.616039 1.768433 0.015278 5.293493 
411.856355 153.819668 419.418008 154.022625 6.381903 0.122222 2.123394 
443.395149 310.075267 422.379479 318.182686 3.066425 0.122222 13.618954 
744.402514 187.678356 503.178598 195.939966 6.340388 0.122222 363.028227 
188.197367 390.095404 162.093167 386.528399 4.500121 0.122222 35.957752 
227.044985 366.312445 194.378677 374.389872 3.013764 0.122222 25.799940 
550.624340 159.015155 536.874387 159.040355 2.518323 0.122222 3.330218 
710.625044 157.814926 688.124868 157.811744 1.253005 0.122222 1.880216 
688.127811 160.750407 709.395146 160.273620 2.919618 0.122222 26.527162 
744.371609 179.253683 769.387005 178.554530 1.913040 0.122222 19.224363 
95.524556 51.052816 132.098315 27.217664 5.424272 0.122222 69.609626 
262.314211 347.694363 227.839440 366.174196 3.429230 0.122222 26.751170 
638.125927 160.972740 658.125785 160.919399 1.300002 0.122222 0.967366 
829.436316 174.040889 813.050002 171.033661 2.334606 0.122222 4.075565 
411.150962 261.955213 421.489814 267.582671 6.879241 0.122222 7.398945 
305.053648 308.756193 263.369535 347.243666 3.817259 0.122222 55.045367 
460.617569 162.129828 469.396555 162.385830 2.092550 0.061111 0.415074 
813.081334 173.451447 831.830282 175.959316 1.736139 0.122222 0.578072 
325.615314 295.601949 315.776708 299.736045 2.672684 0.122222 2.793066 
743.128789 159.941674 769.377615 159.766174 1.417118 0.122222 8.270165 
267.001293 293.489904 294.650361 283.920615 2.635630 0.122222 17.088757 
421.871019 318.254354 399.353876 317.561313 2.883364 0.122222 17.050771 
885.756704 186.163147 916.866858 191.919008 2.138780 0.122222 9.676959 
403.899366 266.504297 412.968773 263.842664 8.604483 0.122222 11.310283 
456.874967 191.874481 448.081018 192.435118 2.892582 0.061111 2.737764 
336.895631 295.092537 326.832069 295.381897 2.534894 0.122222 0.967366 
467.366172 302.541283 462.714855 314.696382 3.847874 0.122222 11.134098 
458.708425 281.987764 457.033123 290.655562 1.980156 0.061111 0.015477 
455.604417 295.607415 442.922206 310.451743 2.731320 0.122222 8.386849 
504.380340 184.583123 515.654992 184.293820 2.402985 0.030556 3.146561 
245.472131 248.058417 237.411770 266.564349 2.088291 0.122222 6.714297 
569.381148 158.984633 555.595192 158.767499 2.637489 0.122222 7.357315 
800.572160 173.197283 799.803961 159.351201 2.426916 0.122222 1.474233 
850.659373 186.554144 819.234382 183.187603 2.485776 0.122222 13.321299 
688.128105 167.285701 710.626819 167.115619 1.410602 0.122222 0.967366 
209.396460 388.899387 186.913727 389.522448 3.887072 0.122222 34.742810 
224.999176 245.573857 221.311596 200.568742 8.414538 0.122222 67.745897 
504.353647 162.200630 515.626507 161.940221 2.614805 0.122222 0.654907 
918.165441 210.307551 896.784704 207.583795 3.246042 0.122222 22.709923 
152.201105 176.875642 152.214403 221.875269 3.759235 0.122222 43.951648 
404.272728 335.866826 352.563068 313.998035 5.310226 0.122222 73.097220 
329.377053 78.131813 350.929843 71.636539 4.656202 0.122222 29.114949 
554.373301 149.705071 683.127479 149.467258 2.737801 0.122222 184.450181 
768.150494 157.245964 741.867676 157.659329 2.853518 0.122222 20.923148 
351.213082 70.585818 386.438860 53.477020 4.947149 0.122222 62.753205 
193.176252 373.873404 174.343369 375.163114 2.323354 0.122222 11.921564 
294.284928 59.523591 327.277644 79.522878 6.512640 0.122222 36.365174 
441.319651 242.066130 435.272764 224.496226 3.584272 0.122222 10.503011 
499.374724 159.183947 489.372940 159.198386 2.501802 0.122222 0.967366 
399.535317 317.460464 388.049138 314.689456 2.137130 0.122222 0.967366 
419.407896 291.489834 406.878477 291.966416 6.245484 0.122222 16.339549 
164.110835 18.288105 199.506349 14.286956 5.151915 0.122222 59.299977 
373.125005 149.298257 388.125084 149.299205 1.874842 0.015278 1.170177 
883.076702 204.979513 898.080795 206.178281 4.434958 0.061111 0.682269 
945.898837 215.469348 929.304557 212.236598 3.234596 0.122222 12.908135 
489.354681 162.235221 499.377999 162.006328 2.527886 0.030556 1.816185 
387.063021 315.171125 337.940014 294.821547 3.233073 0.122222 32.244784 
200.462316 14.929304 224.356185 17.083674 4.408348 0.122222 40.251288 
384.370047 53.066388 424.401099 49.683869 5.999915 0.122222 60.511800 
444.397618 192.242573 436.772655 192.711765 3.973236 0.122222 4.223882 
656.890365 158.061340 639.360927 158.288370 2.726420 0.122222 21.050063 
899.264523 205.327008 920.518417 207.793447 2.195152 0.122222 10.499047 
169.051408 342.777824 159.336039 351.833199 6.152304 0.122222 5.315684 
351.472222 250.467199 397.034278 237.431713 3.087953 0.122222 32.001866 
594.382707 161.278205 611.880271 161.071759 2.617804 0.122222 8.703168 
173.168151 375.200615 145.572157 372.394710 2.234285 0.122222 22.875762 
353.037119 313.213586 338.101495 312.233031 4.069500 0.122222 11.000097 
145.766211 372.664580 115.191823 363.287375 2.836722 0.122222 14.177949 
595.617503 168.519220 611.877206 168.376781 1.381351 0.015278 9.056137 
658.124467 165.291669 639.374515 165.321667 1.279997 0.015278 9.702223 
926.752560 208.737781 946.945429 212.772518 2.206620 0.122222 12.834414 
769.365637 163.716642 744.370692 164.072099 2.713044 0.122222 21.050063 
242.407719 381.707168 208.703148 389.406046 5.010451 0.122222 43.501063 
238.370855 246.936946 223.188340 245.924841 9.063197 0.122222 21.168409 
458.608639 294.959642 461.517833 286.333009 4.009486 0.061111 2.325203 
884.424204 206.550079 864.365677 205.923403 2.654916 0.122222 15.572964 
219.285494 259.270044 210.516701 266.748006 6.377764 0.122222 4.357580 
741.871030 166.695312 769.385217 166.087425 1.774289 0.122222 13.637363 
863.919914 224.474182 861.725971 214.407479 2.442662 0.061111 1.574830 
223.327348 17.344936 242.414272 22.296076 4.794327 0.122222 29.196058 
385.631832 193.356384 358.118910 194.168754 1.950412 0.122222 10.231113 
151.823538 144.370455 149.713278 168.265268 3.955391 0.122222 23.278508 
219.944475 316.277707 211.970699 323.234686 5.411154 0.122222 3.405047 
268.231143 34.437944 294.917282 57.687334 5.840608 0.122222 66.285048 
246.986154 209.377615 247.251316 198.104450 2.645586 0.030556 4.045252 
441.785407 242.284566 459.519458 266.770375 5.865738 0.122222 36.344534 
424.354585 335.866517 403.045517 334.065329 3.543948 0.122222 27.630898 
392.833052 54.961049 358.563627 70.029768 3.481518 0.122222 21.738084 
484.169673 118.020447 486.436376 140.668898 1.988630 0.122222 8.479306 
438.286500 52.837920 460.719140 65.457659 5.174576 0.122222 43.713419 
863.116290 203.845046 881.878665 204.071996 1.476692 0.122222 1.880216 
595.626731 175.821624 611.875471 175.678540 2.488896 0.122222 4.075565 
469.390174 159.816383 461.845917 159.674813 2.616822 0.015278 2.881533 
459.522595 64.606060 479.554813 92.082571 5.955834 0.122222 56.773382 
710.618612 171.362765 686.872305 171.658898 2.562154 0.122222 11.837274 
538.096510 161.828968 550.645402 161.553111 2.746640 0.122222 6.444465 
240.175075 20.200460 272.671807 37.913129 5.492521 0.122222 74.649076 
462.795292 315.312203 450.632729 328.132333 4.348118 0.122222 17.887360 
839.372531 183.144638 853.063281 184.865905 1.856759 0.030556 2.432067 
475.953259 87.577701 487.102673 119.729517 5.828831 0.122222 66.140548 
515.624217 166.650113 504.374353 166.689288 2.499985 0.122222 0.654907 
550.629794 166.434841 538.122833 166.508875 1.323969 0.015278 0.798391 
744.375149 173.130787 769.390751 172.487402 2.402758 0.122222 17.355259 
405.952552 226.970410 413.349413 201.576265 2.400248 0.122222 14.439025 
504.624345 218.891298 455.238374 224.998594 5.755768 0.122222 50.441740 
124.063039 369.564882 164.080359 378.234939 3.787334 0.122222 29.311349 
149.417703 219.375151 149.581392 173.125730 1.413683 0.122222 20.137213 
639.376628 174.778297 658.126323 174.702599 1.325688 0.030556 8.172567 
424.361391 50.695025 440.488170 53.829081 4.942908 0.122222 23.955601 
610.657614 158.465511 594.363202 158.799631 2.781362 0.122222 10.095865 
472.963521 89.928348 462.112232 72.973172 2.695264 0.122222 14.996636 
884.380769 188.089576 856.798003 183.597817 1.864761 0.122222 17.398663 
384.379647 168.687955 358.121118 168.904705 1.456312 0.122222 14.515585 
769.371752 170.237061 744.373504 170.446333 2.510376 0.122222 20.405272 
160.587212 276.916721 167.816986 283.465066 3.832683 0.122222 0.070218 
358.341707 71.138185 338.232609 79.629829 2.917622 0.122222 10.352354 
569.377425 166.322730 555.623246 166.370541 2.530401 0.122222 5.531616 
484.289246 148.131615 482.158299 120.506723 3.065929 0.122222 25.813123 
639.376219 168.160038 658.146987 167.506716 2.846329 0.122222 15.897300 
555.618546 168.752367 569.380024 168.609723 2.525778 0.122222 6.444465 
259.315718 165.054228 279.359157 162.972465 2.922049 0.122222 1.615123 
482.649559 120.765766 472.215432 85.524207 3.193794 0.122222 27.987869 
499.376593 166.924959 489.346935 167.244732 2.737730 0.030556 1.816185 
443.129594 159.882990 436.868802 159.939609 2.545113 0.030556 2.112927 
200.538036 258.347449 200.996416 250.799376 8.030841 0.122222 1.049948 
555.592670 161.696928 569.392195 161.384519 2.782275 0.122222 7.357315 
150.500360 346.885679 149.418944 334.264135 7.686040 0.122222 8.507749 
445.182318 312.521101 458.966199 295.297834 3.122711 0.122222 9.676959 
610.645076 165.626727 595.608847 165.867885 2.740225 0.122222 13.747264 
710.627365 164.515021 688.112676 164.895251 2.858464 0.122222 19.224363 
339.548230 311.994650 326.725726 317.795009 4.636690 0.122222 11.921698 
449.977651 328.786070 423.233702 337.219706 4.961492 0.122222 24.112261 
413.129980 199.642336 435.622174 199.223313 2.313301 0.122222 6.909487 
450.853609 62.525890 428.715196 54.078288 3.288488 0.122222 13.321299 
172.030050 378.392500 213.106660 374.195500 3.576474 0.122222 30.096768 
357.028187 306.441833 399.125877 321.329444 4.009915 0.122222 39.775081 
248.160457 290.381355 266.699734 293.079343 2.990854 0.122222 2.612599 
428.109244 53.643242 394.347981 54.370199 3.064512 0.122222 21.891042 
384.381387 177.142748 358.116514 177.769264 1.816011 0.122222 14.439025 
434.341329 239.661657 430.381532 221.929369 3.517671 0.122222 3.447319 
611.874646 172.899481 595.624686 172.924970 1.273527 0.030556 3.627837 
329.343352 80.757913 315.486103 77.458326 2.953278 0.122222 3.262984 
569.384494 173.880424 556.870761 174.037689 1.406981 0.015278 0.798391 
297.155807 347.240378 268.814311 369.021911 4.717234 0.122222 46.936354 
461.358644 72.498998 448.899469 62.189081 3.221362 0.122222 12.020732 
61.788236 314.446709 79.832836 336.279710 2.516568 0.122222 15.322252 
213.365084 373.730789 246.162979 360.732449 3.662962 0.122222 25.721865 
246.789712 360.501885 278.438325 338.577291 2.921770 0.122222 27.007346 
268.068623 369.257207 242.860381 381.322109 3.922183 0.122222 38.860987 
157.522703 353.808839 151.021382 346.371152 5.219482 0.122222 1.824000 
640.601733 188.459729 658.122187 188.014350 1.250000 0.030556 4.009119 
840.961926 206.646597 833.768899 196.035877 2.770735 0.122222 5.118357 
864.365860 186.931637 883.229741 189.975989 2.229806 0.122222 5.833462 
523.061089 163.591300 529.472328 163.068459 2.694930 0.061111 0.108600 
128.945426 33.647558 105.315839 47.601466 2.491446 0.122222 17.050771 
325.849887 318.317549 296.621090 346.652512 4.350269 0.122222 76.445800 
314.500465 77.968242 285.999595 55.156974 3.517618 0.122222 22.253804 
538.137114 177.094439 550.667931 176.402708 2.702894 0.122222 4.223882 
94.112000 56.634020 72.583936 80.129237 2.914857 0.122222 22.252374 
538.118075 169.168831 550.645927 168.748033 2.750367 0.122222 3.705916 
42.761028 136.797042 34.441536 175.639251 2.879754 0.122222 19.380530 
154.338473 24.273751 129.424370 33.261848 2.641922 0.122222 16.151691 
689.375000 186.875000 710.625000 186.875000 1.250000 0.122222 1.880216 
230.786659 21.992039 200.686058 17.697081 3.003167 0.122222 17.784604 
415.851928 316.375440 440.835350 308.820617 3.449780 0.122222 11.273679 
339.285217 298.362537 357.078044 305.087813 3.194590 0.122222 10.146584 
71.995751 80.698930 54.762198 108.846748 2.480179 0.122222 18.865534 
55.871384 105.725494 42.901557 137.524019 2.878086 0.122222 19.606909 
414.437792 322.121171 439.706771 315.675679 2.966572 0.122222 17.180087 
384.374483 160.489626 358.124866 160.589818 1.302473 0.122222 5.531616 
616.875000 189.375000 634.375000 189.375000 1.250000 0.015278 4.600692 
189.362985 18.049749 155.478859 23.459667 2.613913 0.122222 28.455357 
445.284005 304.104600 451.956713 295.689796 2.567178 0.122222 1.880216 
689.332273 174.146589 710.636730 173.530884 2.860060 0.122222 18.311513 
104.898198 48.476685 95.187052 56.333704 2.173160 0.122222 0.967366 
451.769205 260.983358 435.326687 239.883382 2.638086 0.122222 19.802277 
250.673185 29.237696 231.635761 22.556710 2.131924 0.122222 7.806033 
658.131695 172.398303 639.368774 172.638360 1.489770 0.122222 11.921564 
336.919778 291.766145 387.789056 312.691670 2.984525 0.122222 42.140325 
454.505929 290.647985 456.709511 278.095947 2.828958 0.122222 2.323413 
358.103754 187.280806 378.122533 186.776980 1.438302 0.122222 0.054517 
285.482701 53.311440 260.455425 34.209437 3.138897 0.122222 24.117770 
305.166272 303.882945 293.969361 285.877248 3.728595 0.122222 2.016936 
388.158008 312.838426 415.440040 315.980813 3.101197 0.122222 15.962805 
32.111777 219.511865 37.839342 261.913586 2.544949 0.122222 18.336936 
398.125349 320.617001 415.646542 321.380915 2.660970 0.122222 11.397722 
556.865863 176.299616 569.382556 176.100853 1.448316 0.122222 2.793066 
259.503377 34.091076 247.248103 28.549828 2.495957 0.122222 2.437442 
41.697337 274.455353 55.296508 304.523570 2.495270 0.122222 13.514091 
435.732180 226.038530 439.508884 215.234834 4.422416 0.122222 1.317127 
456.601966 276.953817 452.220362 261.775304 2.748608 0.122222 9.600852 
828.071658 186.092035 849.470814 188.536097 2.092991 0.122222 4.111740 
317.770736 301.265573 337.989433 297.413446 4.034053 0.122222 9.441082 
80.577229 336.937829 101.872079 353.128842 2.467069 0.122222 14.429161 
103.750046 354.522317 130.283156 366.389320 2.763653 0.122222 11.891909 
323.129867 293.205323 335.659606 292.446182 2.344233 0.122222 1.880216 
148.077314 222.517582 136.896225 223.395366 2.296668 0.061111 3.657117 
228.530531 272.847074 185.668159 290.728453 2.024205 0.122222 20.080055 
38.436821 260.889128 42.533283 275.439671 2.254683 0.122222 5.531616 
91.827721 201.414006 105.688328 199.992479 2.486955 0.122222 0.618990 
664.375000 188.125000 681.875000 188.125000 1.250000 0.061111 3.657117 
193.155698 371.996528 228.134069 363.160901 2.998289 0.122222 22.440817 
595.599947 190.266529 611.857897 189.130283 1.508403 0.122222 0.054517 
144.335054 369.844452 179.400259 372.828156 2.305297 0.122222 29.872426 
278.835268 337.617704 306.963692 310.717742 3.416291 0.122222 32.431921 
130.833470 366.004712 144.120485 369.187509 2.190883 0.122222 3.705916 
515.627370 174.959063 505.622463 174.999660 2.540556 0.122222 1.880216 
147.293415 208.095793 148.167806 220.622012 1.856276 0.122222 0.967366 
138.106841 145.458592 150.729342 144.081175 3.321070 0.122222 4.053839 
486.846033 200.184359 454.322241 202.322451 2.494615 0.122222 4.578161 
180.551922 372.266900 191.932291 371.297724 2.384915 0.061111 4.855422 
358.095754 203.553496 376.866465 202.885244 1.875798 0.030556 1.816185 
228.613436 362.791908 259.698765 346.232781 2.783658 0.122222 16.807207 
279.380314 161.299982 253.121005 161.057319 2.569198 0.122222 20.923148 
256.870708 150.953035 281.870166 150.836650 1.354734 0.061111 3.105443 
452.981182 205.505681 488.118723 201.815233 2.815513 0.122222 17.381843 
118.258538 159.752427 132.051022 154.872503 3.462857 0.122222 2.123394 
718.120622 160.755504 735.625243 160.687051 1.308649 0.061111 0.108600 
376.875000 151.875000 358.125000 151.875000 1.250000 0.122222 0.054517 
259.392538 347.002295 303.687993 306.236743 3.646003 0.122222 40.039240 
439.494281 214.551714 452.997987 205.436830 3.781656 0.122222 2.384843 
278.125000 196.875000 259.375000 196.875000 1.250000 0.122222 0.054517 
529.507530 174.781513 523.042983 175.076282 5.222562 0.122222 7.357315 
259.375000 154.375000 279.375000 154.375000 1.250000 0.122222 0.967366 
744.375000 185.625000 763.125000 185.625000 1.250000 0.122222 0.054517 
358.125000 170.625000 378.125000 170.625000 1.250000 0.061111 3.666274 
358.113645 162.806149 378.132772 162.093248 1.872006 0.122222 9.600852 
53.011929 167.983307 111.982016 163.192173 2.935526 0.122222 83.086136 
735.687438 164.521504 718.102282 163.526496 3.202157 0.122222 13.796262 
89.359755 180.321823 70.594349 181.265455 2.496845 0.122222 3.387933 
379.389847 184.939712 358.121684 185.498868 1.742350 0.122222 10.095865 
36.747604 175.311347 52.238311 169.019478 3.039685 0.122222 5.906125 
473.137862 197.326296 524.381864 195.865836 1.644329 0.122222 23.084827 
279.374574 179.330754 253.127012 179.583745 1.310181 0.122222 4.618766 
358.125317 154.418878 378.133309 154.274217 1.250000 0.122222 0.054517 
502.585815 217.560299 507.412560 203.749747 3.952433 0.122222 0.403758 
199.255096 296.233246 234.202858 289.703659 2.160044 0.122222 2.779626 
164.720325 270.360758 172.777803 280.890674 2.218512 0.122222 1.545638 
155.790758 145.641784 154.149321 161.852148 1.621428 0.122222 0.967366 
148.323029 169.380381 147.541494 198.143110 1.521157 0.122222 9.183015 
154.814459 323.546206 168.133701 330.608590 6.040568 0.122222 10.769647 
358.098892 196.047548 375.620889 195.494697 1.407059 0.015278 4.600692 
261.875000 189.375000 280.625000 189.375000 1.250000 0.122222 0.054517 
441.875000 198.125000 470.625000 198.125000 1.250000 0.122222 7.357315 
289.386471 182.321222 346.880610 180.843235 1.792472 0.122222 23.401794 
358.125000 179.375000 375.625000 179.375000 1.250000 0.030556 1.007110 
346.875000 163.125000 291.875000 163.125000 1.250000 0.122222 26.527162 
280.588746 124.626018 303.159543 127.885828 2.666593 0.122222 2.679857 
205.818964 297.623133 220.130549 303.154352 6.015668 0.122222 0.403303 
68.004149 196.196782 89.247844 192.411395 2.680514 0.122222 2.879885 
261.879777 198.369717 278.123588 198.052639 1.298553 0.030556 2.526319 
345.625000 154.375000 291.875000 154.375000 1.250000 0.122222 25.614312 
291.875000 151.875000 348.125000 151.875000 1.250000 0.122222 27.440011 
279.382193 169.643862 265.608609 170.012373 1.550438 0.122222 0.054517 
278.118207 186.691468 260.595945 187.340057 1.250000 0.061111 0.108600 
360.591946 166.152959 375.617681 165.465110 1.477343 0.030556 4.009119 
290.625000 169.375000 345.625000 169.375000 1.250000 0.122222 26.527162 
331.688564 188.919833 349.387001 186.984758 1.662623 0.061111 1.288645 
529.415548 166.759300 523.084271 166.985625 2.677026 0.061111 1.292651 
358.137381 183.337376 375.650733 182.316430 1.611609 0.030556 3.222209 
255.615327 85.954871 214.364143 84.745239 1.250000 0.122222 15.572964 
358.139236 174.623479 375.653363 173.620057 1.462447 0.122222 0.967366 
294.375000 160.625000 348.125000 160.625000 1.250000 0.122222 23.113252 
214.324098 156.446455 176.906579 160.890862 1.512268 0.122222 14.996636 
179.429575 158.552107 215.568686 153.934290 1.660094 0.122222 11.008587 
278.125000 153.125000 260.625000 153.125000 1.250000 0.030556 5.494131 
683.125000 151.875000 665.625000 151.875000 1.250000 0.061111 3.657117 
265.635700 182.017090 279.401764 180.980402 1.715813 0.061111 0.415074 
315.625000 196.875000 345.625000 196.875000 1.250000 0.122222 8.270165 
91.939270 192.423026 118.122348 189.352390 1.463807 0.122222 5.118357 
390.625000 136.875000 371.875000 136.875000 1.250000 0.122222 0.054517 
370.501831 117.859605 389.270225 109.149239 3.075866 0.122222 1.049948 
359.398719 96.526964 340.628828 97.020555 1.282428 0.122222 0.054517 
169.348531 186.276746 184.374423 185.611955 1.856526 0.061111 0.822316 
220.807738 199.389416 220.672459 189.374359 3.766541 0.122222 3.191844 
94.354236 186.679793 120.573499 183.890832 1.296018 0.122222 5.531616 
321.854452 126.680198 353.282182 123.365122 2.549179 0.122222 6.933899 
314.375000 178.125000 343.125000 178.125000 1.250000 0.122222 7.357315 
429.374760 213.896805 415.625150 213.892523 2.501557 0.122222 4.618766 
