532.537629 228.561836 520.763443 237.066663 2.290351 0.122222 0.496240 
301.434177 421.250069 279.342937 405.670464 6.914221 0.122222 45.640365 
390.535065 352.845082 370.415688 376.904679 4.654175 0.122222 52.398732 
483.060769 371.116342 460.456830 368.161446 5.549162 0.122222 25.640033 
437.440669 520.285908 419.769207 531.259799 4.470567 0.122222 14.893949 
369.530179 377.001521 330.181369 425.263299 6.633203 0.122222 99.541341 
249.657281 53.183199 248.736836 18.108944 3.650333 0.122222 21.928824 
280.151637 404.527591 266.177436 395.448687 7.284036 0.122222 21.914343 
316.121732 425.886708 305.635888 420.616351 6.157355 0.122222 2.365023 
774.097364 357.470634 765.244266 371.923184 5.262610 0.122222 15.470594 
758.334956 427.128558 752.785076 431.724074 4.317212 0.061111 0.609315 
667.241930 436.142565 658.469922 442.361522 5.228026 0.122222 2.530768 
521.698460 238.050098 513.431287 257.535301 3.940359 0.122222 12.834306 
539.595969 314.340557 537.664128 301.946837 2.855204 0.122222 5.036525 
699.625242 372.168975 692.191512 378.496827 3.948976 0.122222 1.491213 
416.879643 306.881431 394.604681 322.961610 6.302944 0.122222 23.517870 
274.488319 452.973192 283.103367 459.403981 4.006798 0.122222 0.812875 
648.741505 486.459101 638.471426 502.102433 5.224665 0.122222 20.984752 
723.164076 464.340323 710.596686 464.744403 2.900414 0.061111 0.358117 
793.125921 75.738244 768.123912 75.717986 6.262152 0.122222 19.556622 
769.635539 421.105603 758.845879 426.954769 4.077558 0.122222 2.041563 
640.518741 518.244747 629.862771 531.031489 4.961335 0.122222 4.097737 
541.835050 265.133920 525.590865 266.455400 3.302599 0.122222 9.179741 
344.359367 443.947855 337.762864 424.885206 4.680050 0.122222 9.735099 
743.111014 92.784310 790.629322 92.366497 5.032778 0.122222 43.732793 
420.349901 71.925080 421.121702 56.900515 2.240200 0.061111 2.329287 
485.876739 324.275213 487.547111 349.413399 5.486259 0.122222 27.149451 
771.936369 403.124181 772.303486 430.619279 3.883175 0.122222 21.978565 
763.602513 378.018109 761.325746 394.471964 4.057274 0.122222 6.210007 
674.535690 430.898549 666.938645 435.361265 3.257779 0.122222 1.798385 
714.439126 74.953495 701.815507 73.747992 3.201653 0.122222 7.724201 
222.782420 45.623950 222.675128 80.631283 3.830434 0.122222 50.058069 
719.369853 484.724739 705.604439 484.522169 5.091423 0.122222 7.558521 
733.896078 468.113200 734.068487 479.379691 2.614465 0.122222 1.463807 
340.355764 449.270877 346.294710 442.607777 4.867557 0.122222 0.432918 
428.185782 306.295842 415.787563 307.419189 5.205192 0.122222 15.312872 
720.863509 501.918801 720.534663 494.324783 4.424397 0.122222 2.355610 
354.654824 51.157906 336.821051 60.522259 9.020257 0.122222 32.738200 
454.358159 440.814504 438.125278 439.371876 4.205805 0.061111 0.885463 
234.642654 0.616366 234.863179 39.379334 5.199033 0.122222 69.390413 
232.834278 38.825088 221.975791 44.565649 3.441952 0.122222 0.197939 
463.018093 450.782161 485.789304 448.554576 6.680044 0.122222 21.481509 
780.726995 472.227329 778.543540 465.112915 3.788202 0.122222 0.573075 
243.034360 76.473930 249.828687 53.762819 5.035758 0.122222 12.999548 
476.753279 108.906467 503.168885 102.043924 5.201048 0.122222 22.775038 
297.215419 81.698525 282.920904 86.231376 4.214235 0.122222 5.500834 
473.714748 405.642002 472.596493 444.431835 3.604360 0.122222 21.391857 
496.177140 62.136457 474.093554 77.726322 3.543754 0.122222 13.549413 
730.746171 479.375302 730.774212 468.122257 2.521796 0.122222 1.463807 
698.123962 83.938393 746.875478 84.000612 3.801047 0.122222 53.636458 
487.122071 350.612630 486.921291 366.890989 2.700225 0.122222 14.578282 
706.911058 478.123701 706.504625 466.843307 2.723420 0.122222 3.248387 
545.622578 230.706803 531.921600 230.301135 3.970325 0.122222 0.687529 
690.213702 450.728079 688.002638 441.905666 3.032754 0.122222 0.573075 
335.725441 454.456474 339.890860 449.321352 6.666306 0.122222 1.010754 
319.498623 420.451351 310.148226 413.794712 2.761565 0.122222 0.496240 
401.516500 318.357293 393.367209 331.237365 4.052557 0.122222 12.621484 
430.303643 411.152018 447.680086 433.471382 3.952046 0.122222 16.451124 
711.950957 373.452225 699.535080 372.430235 4.250084 0.122222 5.824293 
483.176117 93.089984 475.934895 82.518979 3.013161 0.122222 3.972007 
430.631846 439.285923 376.815428 435.150180 4.507604 0.122222 65.041595 
458.218716 382.983956 448.474535 405.774445 5.080648 0.122222 15.964710 
336.068081 60.234251 322.629456 67.164009 5.086436 0.122222 7.525649 
498.637071 286.389770 492.822728 299.786331 5.884609 0.122222 10.411144 
489.073862 528.675126 467.984847 517.131035 4.305391 0.122222 15.123062 
479.352152 51.839082 461.798678 63.005018 4.025423 0.122222 11.466997 
612.840997 368.187907 608.384309 348.067563 3.939499 0.122222 12.030214 
325.842350 477.778192 328.987072 468.414521 5.933716 0.122222 2.017119 
460.891405 66.184258 503.296261 45.984524 3.709605 0.122222 29.866654 
721.524151 465.595979 721.927175 478.082972 2.861609 0.122222 0.650447 
300.918637 480.051317 313.842099 486.666136 2.874046 0.122222 7.724201 
640.143122 501.876370 640.189337 518.129793 3.778418 0.122222 3.854795 
653.222876 464.087296 647.493825 487.029531 4.548190 0.122222 24.445800 
709.763398 466.847351 709.953550 478.115237 3.040101 0.061111 0.089434 
692.393584 412.018191 688.832403 424.915476 3.987830 0.122222 2.277524 
676.225374 473.180941 675.175400 484.449579 2.721155 0.122222 0.496240 
738.121729 480.689382 737.477992 468.158237 2.753224 0.122222 1.367982 
440.184306 106.844951 440.558528 116.923880 2.683797 0.122222 0.573075 
503.063853 309.135612 515.697445 305.908620 2.165482 0.122222 0.573075 
299.635465 449.144644 317.861318 469.752696 6.446169 0.122222 39.455163 
475.837573 79.935839 501.011343 70.394301 3.591487 0.122222 15.133034 
330.746411 15.051052 339.457812 15.630925 6.568289 0.122222 2.530768 
510.668140 40.558903 483.945685 23.117599 4.738551 0.122222 21.700028 
578.024528 345.528676 588.433849 334.671098 4.474314 0.122222 3.209985 
778.489170 457.716382 767.191513 462.606276 3.629743 0.122222 1.010754 
766.965392 478.119697 766.161479 464.416861 3.557815 0.122222 0.432918 
550.327113 346.630943 560.516457 324.325417 5.586718 0.122222 22.488590 
523.410575 312.028437 530.823466 298.231634 3.467626 0.122222 6.791183 
412.062677 442.903654 457.021343 445.028300 8.317728 0.122222 78.682000 
444.181035 489.812316 455.671507 487.069857 2.442169 0.122222 0.573075 
750.626625 75.152985 715.621556 75.226104 2.544381 0.122222 32.481872 
599.516900 419.142588 602.028167 407.169299 4.242898 0.122222 3.664729 
766.887548 75.860129 756.877701 75.944700 2.499911 0.122222 0.885535 
771.141643 435.073182 783.015693 419.292751 3.757839 0.122222 3.102639 
567.097022 423.031615 570.975761 432.253232 3.090792 0.122222 0.496240 
461.388481 49.625662 463.265517 34.548108 2.321891 0.122222 3.248387 
330.667620 467.440682 335.565213 458.799588 7.286451 0.122222 5.969860 
436.691051 412.192940 453.595088 421.973013 4.667865 0.122222 20.568213 
776.966213 478.380939 784.276899 470.533608 7.129186 0.122222 5.789228 
295.690902 464.354806 300.536580 480.168168 4.144595 0.122222 2.458182 
559.291755 280.728087 551.835365 273.142704 6.209696 0.122222 5.690893 
498.000962 454.331560 523.120994 456.913970 5.450254 0.122222 17.659047 
761.423961 462.205462 776.480264 454.820247 2.351068 0.122222 3.993733 
694.272705 92.456735 708.119136 93.229999 3.674467 0.122222 2.851454 
484.615843 315.306267 486.367758 323.500687 8.118265 0.122222 0.968116 
526.103575 289.326619 525.317790 301.855733 4.911953 0.122222 1.834772 
539.643346 299.324104 542.018664 311.847752 2.689142 0.122222 4.142050 
345.024112 28.049868 346.737352 42.851567 4.443746 0.122222 5.421529 
760.248147 470.328680 764.310352 482.298514 6.700448 0.122222 12.834306 
785.620951 373.082121 773.114427 374.263026 3.498382 0.122222 1.640827 
569.826462 363.866561 554.531778 357.733993 4.186792 0.122222 8.960906 
584.565734 287.117301 574.138903 295.325072 2.258628 0.122222 1.463807 
288.603420 432.649957 299.809018 443.935222 2.704858 0.122222 10.014033 
669.633631 463.190662 673.189088 516.870755 3.395172 0.122222 34.752203 
745.867024 436.333391 718.288306 424.009549 4.104613 0.122222 23.812173 
524.066311 455.526180 538.219323 452.287144 4.037399 0.122222 14.433753 
648.565214 57.619731 688.548077 92.454675 5.412138 0.122222 57.446879 
313.225061 469.127293 298.158817 463.041285 2.340911 0.122222 2.250085 
792.098707 360.876638 772.793590 358.955819 10.068382 0.122222 29.540289 
560.222479 323.600706 571.597580 299.323631 5.588356 0.122222 27.404631 
579.798486 411.216980 567.389418 420.094090 3.057668 0.122222 7.437788 
589.159092 426.974117 581.692193 410.708922 2.550993 0.122222 10.417216 
356.477790 32.618912 346.099475 27.077437 4.335775 0.122222 2.851454 
460.185595 57.881508 471.837614 36.854283 3.398447 0.122222 6.551454 
682.205063 441.911139 681.228749 450.827969 4.554718 0.122222 0.812875 
779.598037 453.134826 780.095126 441.851656 2.717643 0.122222 1.463807 
340.062085 69.526707 365.442258 56.518456 3.963126 0.122222 29.290476 
510.402578 61.468654 489.839802 72.724151 3.497225 0.122222 3.372364 
541.251750 369.205293 547.386870 346.674012 4.275082 0.122222 11.099718 
287.449670 435.346062 295.992729 452.946508 2.762030 0.122222 3.882563 
504.651215 91.189632 514.021469 77.876179 2.877781 0.122222 4.880947 
764.351851 84.242967 798.165003 84.943121 6.378049 0.122222 63.447508 
680.600418 531.898684 670.766982 521.692557 7.904270 0.122222 15.494280 
492.992715 300.563426 486.396719 314.734208 3.399751 0.122222 5.957135 
798.479133 363.552776 791.390579 360.499727 3.779480 0.122222 1.463807 
485.060410 35.451570 480.418910 50.561693 2.756839 0.122222 4.835914 
279.691588 71.121149 256.011706 86.231038 2.890239 0.122222 9.093834 
240.005564 140.607748 363.046766 80.464947 4.446159 0.122222 260.542379 
341.287967 11.499123 363.736925 26.575127 3.128387 0.122222 15.706444 
482.031718 74.606540 505.862840 58.476392 2.770999 0.122222 9.093834 
555.932098 392.588432 531.809221 402.972187 2.980458 0.122222 14.720639 
441.715450 308.823403 427.561866 305.590025 4.874422 0.122222 9.169520 
798.132713 406.877381 791.952084 426.898796 2.565293 0.122222 3.078284 
504.058171 274.218353 498.355287 285.752805 6.156626 0.122222 6.094642 
570.334167 379.377163 570.222532 364.368696 2.592905 0.122222 4.872020 
571.968492 294.283986 559.622053 281.601362 3.535215 0.122222 13.488756 
646.384884 24.913667 620.201616 1.090324 6.729878 0.122222 52.679789 
481.988738 52.335700 487.177209 36.977093 3.600588 0.122222 3.323216 
575.903426 398.475268 571.196436 385.418989 4.174555 0.122222 0.321926 
491.194713 447.703519 497.859540 453.175933 3.691435 0.122222 0.496240 
264.784033 400.178415 278.268788 414.293449 6.003957 0.122222 27.754664 
393.016841 330.679800 392.059198 350.633840 4.694644 0.122222 10.795820 
406.933717 10.638225 403.537313 25.717866 2.318086 0.061111 5.321221 
639.384809 443.751089 568.113136 444.867728 3.788703 0.122222 84.032917 
670.140122 47.397586 646.733693 25.680086 5.110573 0.122222 47.434321 
506.632319 47.984214 498.688634 61.677144 3.524380 0.122222 2.530768 
501.665911 67.386635 514.221035 63.831297 2.926961 0.122222 0.650447 
223.339897 132.676173 238.950656 140.150563 4.113344 0.122222 18.837460 
502.393641 43.031120 477.857742 56.383910 3.181757 0.122222 5.891209 
708.833166 94.524198 712.208756 106.783098 3.283592 0.122222 1.640827 
760.995035 440.336222 764.571063 429.439342 5.938405 0.122222 0.903816 
503.127572 342.257485 504.187765 331.855916 6.091034 0.122222 10.270522 
518.711101 78.279310 521.416342 68.004244 2.694676 0.122222 0.573075 
319.429154 484.930466 325.544298 480.513276 3.316050 0.122222 0.885535 
493.913642 37.617638 507.196538 45.869527 5.051472 0.122222 3.844615 
517.328287 48.858098 507.337851 40.097191 2.935130 0.122222 2.250085 
346.572455 50.073531 366.255850 39.274891 5.799224 0.122222 20.666181 
594.092170 433.007667 599.692985 419.506917 3.660387 0.122222 5.300589 
469.873683 35.220654 462.170469 49.534017 1.543821 0.122222 0.885535 
363.341762 79.887792 404.166148 62.630922 5.044893 0.122222 50.346649 
527.826918 317.373427 532.498489 308.451461 2.742320 0.030556 0.702469 
608.282461 347.486957 601.396309 335.192971 5.801455 0.122222 5.233852 
704.087844 46.188875 716.950579 40.805588 5.201700 0.122222 0.903816 
769.914470 19.051354 776.981346 15.860530 4.557015 0.122222 3.248387 
623.936476 13.489860 637.067711 25.528268 5.068265 0.122222 12.242385 
533.630935 405.410061 559.750375 392.642956 2.447341 0.122222 6.210007 
510.306502 50.763524 515.216467 62.052682 3.140466 0.030556 0.065067 
701.215003 419.996233 692.737499 410.989742 4.337206 0.122222 1.240346 
606.694096 394.329101 613.031488 369.351274 3.924208 0.122222 28.141123 
571.415723 382.041843 554.237575 391.628757 3.147756 0.122222 3.076926 
427.399531 397.629080 408.135090 391.841416 5.620864 0.122222 8.267627 
638.868801 27.370324 655.254150 43.519549 7.122199 0.122222 23.599874 
243.923469 35.599837 242.110178 68.138106 3.326878 0.122222 22.799516 
222.781833 86.864815 223.287651 131.901251 3.735725 0.122222 66.278504 
232.009413 88.131110 232.213563 41.870978 2.582720 0.122222 13.415539 
277.697379 414.425553 288.649311 433.348068 8.940150 0.122222 39.165608 
568.402846 443.816022 584.121962 437.495677 3.479286 0.122222 5.500834 
273.819058 17.411425 259.716361 2.795623 2.793333 0.122222 2.017119 
538.048949 450.730947 643.062439 449.099084 10.076481 0.122222 232.854344 
766.256775 37.165462 749.082254 44.209081 5.366791 0.122222 8.425918 
586.802018 338.887464 598.241851 338.406957 6.244494 0.122222 5.030600 
794.331784 424.385204 798.098046 440.336221 2.855484 0.061111 2.003626 
747.579929 1.233618 760.085670 14.978394 4.622869 0.122222 7.158161 
765.954794 9.303657 767.818900 17.920811 3.400928 0.061111 1.492999 
754.309599 84.317861 764.471786 83.809407 8.926461 0.122222 7.039618 
473.406130 448.175141 476.978896 428.143530 2.946984 0.122222 1.834772 
719.913012 61.914605 710.062938 66.023973 5.286870 0.122222 1.240346 
782.925015 65.589228 786.213641 47.203882 6.812642 0.122222 19.134071 
747.073309 47.299524 728.805987 55.832799 4.984701 0.122222 9.910676 
672.773031 460.575509 675.579196 440.618559 2.649698 0.122222 5.957135 
523.461413 347.579674 512.913321 349.395074 3.695665 0.122222 1.491213 
446.390855 176.959109 452.687053 213.201083 3.851166 0.122222 24.311051 
365.604291 16.903476 385.820750 31.605834 3.767995 0.122222 8.532443 
531.511444 302.927264 523.742622 317.210922 2.697019 0.122222 6.632466 
694.277840 29.789666 708.733280 6.477088 3.910476 0.122222 15.902779 
728.945973 35.873160 742.826866 29.928815 4.104201 0.122222 7.130835 
744.998684 28.902651 756.540643 24.705528 4.698961 0.122222 1.533291 
791.968269 445.633074 793.373857 429.396543 5.196986 0.122222 2.632887 
576.786001 332.085440 574.253709 346.056158 9.170853 0.122222 9.328807 
604.360782 299.386574 595.365286 288.336423 4.306259 0.122222 7.130835 
749.481772 72.023191 746.551439 49.416942 4.958516 0.122222 13.530535 
724.121258 383.446518 712.001118 373.881311 4.078792 0.122222 1.390580 
433.112122 5.598270 444.197922 0.257444 3.378373 0.122222 0.812875 
685.119547 61.181398 673.231467 50.381814 5.043061 0.122222 14.882239 
210.470335 467.920143 180.570188 463.495394 5.084744 0.122222 54.046262 
697.422737 30.862023 692.730881 41.704452 4.588786 0.122222 3.882563 
478.768586 289.237657 484.289733 315.109691 4.353016 0.122222 18.001728 
519.977413 63.775592 514.586692 48.052421 5.574303 0.122222 15.470594 
475.960442 428.129620 476.270244 405.633886 1.525287 0.122222 10.014033 
682.474582 430.058159 695.273762 442.243919 5.990073 0.122222 10.141989 
447.886836 135.651799 446.794188 176.905967 2.896271 0.122222 54.743674 
483.573223 24.014231 531.490111 -0.138583 3.902232 0.122222 81.221059 
613.186001 4.306382 623.194013 13.203452 4.359955 0.122222 2.798053 
732.787937 55.432326 736.483692 72.943775 3.220489 0.122222 7.627549 
780.642466 8.320244 766.879369 8.486568 3.840356 0.122222 5.125550 
447.220997 425.358813 436.761847 415.748143 4.452807 0.122222 5.163445 
255.177784 1.031598 271.864142 19.384872 2.354649 0.122222 12.621484 
756.123243 23.806518 740.648497 6.736907 4.890019 0.122222 23.796275 
365.305379 28.674839 374.435289 24.507068 2.694396 0.061111 0.740484 
379.426597 498.818491 414.473014 502.067858 4.657186 0.122222 54.783229 
456.139826 319.046352 447.746638 312.349180 6.247192 0.122222 2.900730 
431.721263 14.104701 416.627374 22.689628 3.409081 0.122222 6.314452 
171.874024 473.131651 226.971717 481.215824 5.376918 0.122222 90.689859 
414.254770 492.048836 379.292955 489.096618 4.472942 0.122222 59.568243 
693.086853 408.373478 710.704128 407.702458 3.026224 0.122222 0.230381 
740.838946 10.577878 744.425935 26.863781 3.248091 0.122222 9.165400 
544.463276 348.900525 533.071482 349.397000 6.570626 0.122222 2.697794 
674.850205 470.692625 678.411675 445.665796 2.651173 0.122222 7.558521 
688.755765 6.763909 692.712074 29.227574 3.476346 0.122222 17.855866 
390.390819 35.176779 396.839706 31.807447 3.185225 0.061111 0.026769 
792.066136 390.784843 781.799279 403.061676 3.364575 0.122222 2.017119 
441.629103 490.620178 441.683125 501.869919 3.767964 0.122222 0.197939 
519.696538 285.808186 516.944797 271.861229 3.420561 0.122222 0.177564 
796.854349 402.206013 793.407764 388.975705 6.363260 0.122222 10.411144 
473.221700 521.256244 478.322737 532.358473 3.929413 0.122222 1.235296 
537.352937 362.405560 524.858001 373.661182 4.559156 0.122222 5.789228 
467.178005 502.226049 460.975829 485.494948 4.688244 0.122222 7.612924 
733.830099 434.103523 746.341532 466.599121 4.485217 0.122222 30.007558 
694.873481 40.555243 695.755311 46.856764 3.168819 0.030556 2.444488 
317.634522 69.424531 298.213015 80.775593 3.882899 0.122222 15.880973 
546.659337 333.328781 534.421668 335.851397 5.401767 0.122222 4.912125 
599.411927 498.242513 565.619060 499.155023 4.153531 0.122222 47.909430 
710.787858 450.605972 720.157484 442.579266 6.236861 0.122222 0.517359 
703.355425 56.094787 689.306613 62.985574 2.880395 0.122222 0.197939 
359.304517 386.108956 257.840010 371.331830 3.926657 0.122222 164.023392 
260.816067 440.435946 273.249503 453.001809 3.591669 0.122222 12.629950 
673.128746 398.444224 644.368038 398.781728 2.778513 0.122222 25.741412 
512.809868 350.229596 499.123613 356.309072 3.934543 0.122222 0.768028 
696.063745 440.984203 706.565115 448.554846 6.861934 0.122222 1.943028 
749.628665 45.449059 751.555015 61.912441 6.788727 0.122222 5.196138 
774.545476 49.324579 779.707231 66.776737 3.950538 0.122222 12.911663 
439.322173 45.516601 448.361949 41.111216 2.275804 0.030556 0.925278 
523.150660 342.355663 546.899707 341.087814 5.326074 0.122222 19.612029 
710.723304 10.685917 700.885730 26.561169 4.250123 0.122222 9.882227 
654.279026 30.874039 649.375995 4.374816 3.459991 0.122222 28.239068 
697.335372 22.810415 694.403447 6.869768 3.137107 0.122222 11.052266 
606.569316 353.203627 608.533870 360.841353 3.320398 0.122222 0.573075 
564.345549 503.238845 599.386808 502.330510 3.781132 0.122222 51.158540 
465.354422 338.935195 456.202514 318.554364 4.281605 0.122222 13.807206 
704.325861 22.854585 708.585605 41.771279 3.020647 0.122222 12.621484 
747.035525 466.816556 754.342718 486.886753 2.560090 0.122222 2.530768 
763.931265 393.715256 772.568440 387.906004 5.204522 0.122222 1.742168 
674.905331 514.346620 673.701120 491.844169 2.362832 0.061111 0.524127 
671.879275 402.328045 681.878385 402.233685 5.035164 0.122222 11.052266 
553.712599 249.083934 545.023329 231.542224 3.381168 0.122222 9.595127 
759.398271 393.458033 724.394490 395.903929 3.332339 0.122222 25.614750 
538.002414 386.855596 540.765883 369.397300 5.658176 0.122222 9.910676 
741.293820 28.249047 735.353164 0.416220 4.010470 0.122222 35.019513 
454.378421 421.866232 471.020973 428.360214 6.674175 0.122222 20.873262 
244.962608 18.077684 246.178779 33.181062 3.495226 0.122222 13.714430 
554.334532 157.501755 529.184037 105.717747 4.111186 0.122222 61.230987 
524.363905 129.121989 534.566537 179.080607 3.398198 0.122222 51.011669 
181.671442 463.207208 171.712947 461.685573 3.895782 0.122222 3.110013 
253.323607 34.365918 252.750607 21.834961 2.440292 0.061111 1.206813 
494.646516 242.985304 475.713305 206.186435 4.284814 0.122222 31.214779 
630.604810 399.214609 608.109420 399.536630 2.803906 0.122222 31.166479 
721.580980 0.430118 728.241186 33.101315 3.019822 0.122222 33.385695 
401.496717 71.369750 408.940879 87.645289 3.277845 0.122222 6.122800 
435.093175 14.504332 467.429247 -0.841099 4.517156 0.122222 42.302818 
657.315343 61.389193 629.778740 36.429575 2.691798 0.122222 7.621580 
441.551749 117.417837 445.454304 129.430454 9.450341 0.122222 20.343421 
564.341726 427.860242 562.410790 418.986414 5.575531 0.122222 0.177564 
335.142532 424.177877 344.647539 417.248860 4.776731 0.122222 6.947641 
721.551006 35.682258 716.258389 5.733971 3.475242 0.122222 10.229500 
596.815574 311.872311 596.793250 333.123601 8.757874 0.122222 28.157705 
170.663484 463.125967 170.442950 471.901837 3.780219 0.122222 2.241581 
709.122528 524.530740 741.896679 516.968959 4.122851 0.122222 28.496883 
583.990470 8.822639 588.281754 25.257689 4.629467 0.122222 6.551454 
529.998448 104.569895 521.560984 77.445028 4.191308 0.122222 15.494280 
541.792666 502.751395 555.655182 504.053732 3.733560 0.122222 4.296586 
660.570915 402.685267 672.103280 403.455043 6.818882 0.122222 7.525649 
775.988671 509.796255 764.247071 485.091701 4.035131 0.122222 28.341744 
284.093043 460.256823 287.889614 470.239111 3.225422 0.122222 0.537158 
652.120458 512.722313 667.596825 531.070506 4.744263 0.122222 20.625726 
233.825600 58.163770 235.581059 83.039891 2.757772 0.122222 0.180746 
406.073977 83.970295 416.151582 95.150343 2.785424 0.122222 4.835914 
510.365396 264.742449 494.224106 253.338578 3.662002 0.122222 11.416800 
645.937656 4.312844 650.191665 25.711147 3.434291 0.122222 16.094163 
603.935521 340.605195 604.130382 299.385662 10.029434 0.122222 83.358618 
701.565983 44.430183 699.541845 33.095206 3.252117 0.122222 1.367982 
555.573626 499.930066 544.304468 498.887056 2.950163 0.122222 2.241581 
253.614915 420.927424 261.080636 439.691063 3.709236 0.122222 6.257081 
430.903508 310.176256 425.521746 321.827306 2.793748 0.122222 1.392401 
581.305969 229.097014 567.353856 194.919243 3.589134 0.122222 27.241992 
418.585841 334.548804 421.941894 325.650229 2.492894 0.061111 0.333243 
457.901205 0.201542 444.054857 7.519233 2.462219 0.122222 3.248387 
529.523568 398.194492 535.218385 386.019490 2.051390 0.122222 1.798385 
722.701351 439.716962 726.523929 430.479719 3.544852 0.122222 3.248387 
644.366937 402.647044 660.641272 402.817019 2.630411 0.122222 4.835914 
606.858794 403.037156 640.634122 402.628021 3.825428 0.122222 56.790222 
420.632573 499.816748 440.619106 500.004017 3.749835 0.122222 4.725962 
234.119641 110.301131 232.529531 99.280561 5.841295 0.122222 0.968116 
425.200749 321.448021 420.030012 341.723262 2.082005 0.122222 1.010754 
543.109383 498.920755 526.841117 498.601478 3.822860 0.122222 8.771305 
349.142402 419.476169 365.589371 404.454603 14.127650 0.122222 96.611357 
516.690310 388.947192 525.859818 411.780702 2.575760 0.122222 12.629950 
602.795537 347.056630 606.020707 352.906851 3.064139 0.061111 1.210819 
366.497582 397.763632 371.554222 392.798322 6.227200 0.122222 0.432918 
452.986941 219.405246 462.329284 262.049323 3.697687 0.122222 38.562022 
383.515969 371.179516 387.708180 366.001482 8.373693 0.122222 6.122800 
705.647985 435.472638 696.239270 434.053233 7.229618 0.122222 2.035845 
253.457605 115.030885 245.616073 110.640946 3.402650 0.061111 1.206813 
463.590702 351.912748 464.613605 339.293021 2.996771 0.122222 10.014033 
766.868301 47.571023 758.450601 62.607504 3.752264 0.122222 4.371433 
470.965178 532.076718 470.006871 521.815986 3.966228 0.122222 0.812875 
582.160294 352.959507 586.902209 361.134118 2.962885 0.061111 0.740484 
718.423898 420.668958 717.844746 408.137953 4.092263 0.122222 5.734113 
256.950863 375.076885 293.198522 380.093795 3.714590 0.122222 49.896440 
372.258241 392.294195 383.889467 380.159608 4.324844 0.122222 7.796325 
439.406342 496.539551 422.949631 495.001962 3.768283 0.122222 7.949832 
525.646485 502.477436 539.422793 502.934516 2.830230 0.122222 3.248387 
596.192620 9.994991 648.169984 56.825072 3.346815 0.122222 65.084950 
542.251940 357.272715 535.180442 363.974833 3.051435 0.122222 0.496240 
717.327738 0.534422 724.108792 34.428260 1.717399 0.122222 21.881081 
753.681395 61.399766 762.305198 48.813300 4.124701 0.122222 3.854795 
240.854168 38.144302 242.544461 18.076103 3.631856 0.122222 8.593858 
532.880503 359.023594 519.513431 368.323962 1.739986 0.061111 0.089434 
135.658757 516.633322 85.588053 509.639513 3.713945 0.122222 59.293279 
470.631675 403.123658 468.119130 390.626180 4.895519 0.122222 4.918749 
131.989621 392.468059 121.861743 390.700980 3.909042 0.122222 2.334855 
276.808014 486.542476 289.423294 487.463536 3.039495 0.122222 1.640827 
374.439338 432.749096 360.626287 433.167489 3.823970 0.122222 3.078284 
250.472854 531.776023 135.498976 516.578404 3.810254 0.122222 131.484841 
405.769406 28.169075 410.490062 12.702299 4.417318 0.122222 5.197002 
459.536305 530.687400 450.611393 529.475182 3.415979 0.122222 3.248387 
683.066501 24.134290 686.125059 39.273977 5.396043 0.122222 8.377063 
122.590462 391.353712 0.239691 358.301307 4.369455 0.122222 215.168269 
780.152017 43.122721 780.067685 60.622314 2.524066 0.122222 9.519020 
563.283382 184.710652 555.963662 160.905219 4.044425 0.122222 21.809210 
689.724675 430.697067 699.200854 419.231075 9.595521 0.122222 6.596807 
595.246273 339.674999 603.168410 346.940618 7.446189 0.122222 12.030214 
314.593007 73.250768 306.227570 87.751499 3.706343 0.122222 15.226738 
309.227822 443.451755 327.052692 451.480500 2.681157 0.122222 0.957673 
566.930332 194.355071 563.311509 184.307823 2.405579 0.122222 0.885535 
558.212149 31.767074 567.174530 39.004058 2.730350 0.122222 3.624084 
588.309390 392.902118 571.847129 376.870075 4.407329 0.122222 21.159140 
333.851838 30.260941 339.109590 40.757939 6.155884 0.122222 3.102639 
541.863002 301.885605 559.463540 321.796735 3.353071 0.122222 16.886535 
795.633207 102.821455 768.119523 102.077593 3.714847 0.122222 24.876429 
41.865117 528.192235 0.408424 522.098370 3.966283 0.122222 59.991755 
564.091925 24.386439 563.129720 0.574299 6.093497 0.122222 16.770458 
535.255186 126.560171 541.938950 145.246339 5.128887 0.122222 15.638402 
457.922518 363.634275 463.302215 352.568873 3.310371 0.122222 4.872020 
570.098842 37.513180 553.675861 23.972990 2.724111 0.122222 3.323216 
482.959796 385.857406 490.303336 391.077511 3.219115 0.122222 0.573075 
523.515436 113.388502 521.440047 96.773194 7.752031 0.122222 24.531345 
520.602035 376.634104 524.804641 398.040651 4.424727 0.122222 6.177475 
123.020526 518.951267 199.315183 528.598079 3.592177 0.122222 138.627446 
495.558878 380.951569 504.450542 382.751909 5.396677 0.122222 11.315890 
274.580288 104.720444 241.778973 124.213413 4.998404 0.122222 36.854351 
548.626467 279.887359 565.463534 304.485521 3.039369 0.122222 6.624996 
173.211848 401.459770 143.216800 395.186094 4.070350 0.122222 44.775011 
462.913520 262.601323 476.599886 290.140503 3.398745 0.122222 32.490055 
450.621468 324.368519 434.415743 333.199765 2.096542 0.122222 3.116879 
390.820342 49.928081 363.948971 59.418767 5.481921 0.122222 29.501964 
419.952237 398.658627 431.048343 407.599615 3.326215 0.122222 3.470421 
440.251852 325.981303 453.738359 320.350234 4.524839 0.122222 6.757157 
474.593862 192.103763 468.427234 164.307948 4.343882 0.122222 37.607735 
462.100168 130.539648 471.116576 115.179796 8.553943 0.122222 25.649724 
660.596174 0.348723 670.290913 43.200583 4.689062 0.122222 37.091434 
677.090556 30.544615 682.611868 45.350207 2.937767 0.122222 6.632466 
296.865121 380.693138 318.210118 383.787938 3.370937 0.122222 13.745619 
375.058293 400.161999 387.136097 389.675725 7.375535 0.122222 32.557193 
753.180390 122.818317 760.880730 124.209066 4.156227 0.122222 0.496240 
239.856591 75.492006 235.421327 59.431245 3.947440 0.122222 1.710808 
332.920263 385.356686 342.055026 387.261800 2.754899 0.122222 0.885535 
684.914138 43.366419 680.210281 29.515845 2.389513 0.122222 0.537158 
754.882775 471.796103 752.168838 454.329344 3.981122 0.122222 13.625529 
723.521898 21.795536 719.286825 0.642654 1.250000 0.122222 0.885535 
361.707901 430.322922 385.717252 417.041772 3.746636 0.122222 11.856309 
734.170214 73.169835 730.864872 58.072484 1.452292 0.061111 1.210819 
661.918627 448.168037 670.608708 439.358928 7.106976 0.122222 10.687816 
44.457777 506.358625 122.165085 518.815405 3.655607 0.122222 107.136700 
686.202238 519.589355 705.182714 530.168522 3.866290 0.122222 9.359250 
774.204138 392.425827 788.332287 388.973227 8.796612 0.122222 16.712397 
87.890184 509.563869 9.196075 496.721390 3.521153 0.122222 114.503857 
767.980666 36.908045 775.968283 71.796406 1.468590 0.122222 13.114555 
69.251589 531.822621 47.969954 529.629623 3.858377 0.122222 15.706444 
608.304634 361.859710 608.451959 375.634872 2.620168 0.122222 1.392401 
771.135984 495.134739 779.762091 482.131795 1.951132 0.122222 5.449784 
424.283547 34.209761 393.374208 51.316742 5.000636 0.122222 32.449010 
507.859407 395.158668 521.206130 420.970853 2.984372 0.122222 7.469097 
494.800474 405.232756 479.810833 388.973207 2.541794 0.122222 6.122800 
277.242765 101.290896 287.021490 95.890242 3.397060 0.061111 1.153944 
527.281591 414.421991 525.746405 386.868236 2.426591 0.122222 0.903816 
418.940254 343.118798 418.494517 374.362439 2.820709 0.122222 14.720639 
520.113473 420.005268 496.658672 392.056544 3.247934 0.122222 23.012981 
768.876366 520.714389 775.732670 532.537448 7.460698 0.122222 3.744847 
472.859233 208.820457 483.588712 227.863732 4.356153 0.122222 14.593223 
780.912843 532.235359 778.403267 516.829670 4.533001 0.122222 0.526250 
9.367503 500.671652 42.855309 506.053206 3.768322 0.122222 41.040426 
365.341523 60.062217 275.475524 105.328247 3.531156 0.122222 81.484118 
252.289938 418.699411 173.430702 401.706340 4.299572 0.122222 112.487690 
471.662843 432.738162 447.845456 424.175605 5.128061 0.122222 17.462491 
785.993414 470.699977 788.485876 458.452835 3.425391 0.122222 0.197939 
497.742766 300.551250 494.120321 319.325861 2.734841 0.122222 2.277524 
770.622081 98.656806 791.878302 98.773476 1.366616 0.122222 11.839733 
547.223585 426.043704 539.684054 409.812066 4.169094 0.122222 11.604768 
735.274189 514.363821 708.135500 521.912748 3.214178 0.122222 16.072128 
784.690046 397.821303 775.689215 400.817883 4.908693 0.122222 0.197939 
143.741581 395.593201 130.699160 389.319431 6.673226 0.122222 20.826495 
714.958724 411.313681 707.511488 417.625933 5.576000 0.122222 2.530768 
792.546117 49.652923 784.820132 68.309338 3.067934 0.122222 2.598026 
343.106576 433.207698 354.745941 421.081428 9.847413 0.122222 45.888080 
735.427329 505.697947 736.215397 494.329277 2.407574 0.122222 0.573075 
263.877197 430.981024 273.344285 444.218170 2.033463 0.122222 5.449784 
314.428365 364.025086 341.862189 368.209004 3.246727 0.122222 16.072128 
397.986992 376.587257 424.586238 380.402148 6.886769 0.122222 42.872534 
466.505163 393.503641 458.917997 386.092882 3.576872 0.122222 2.250085 
493.229708 345.464192 490.379178 365.765994 4.039959 0.122222 7.612924 
539.598393 193.098280 543.943662 229.426593 2.737778 0.122222 28.997996 
590.684557 271.862437 586.685033 252.901403 2.579904 0.122222 9.179741 
420.494545 21.114030 410.474106 39.291820 3.171882 0.122222 14.357193 
492.377389 251.664843 501.245851 272.865289 4.153101 0.122222 13.807206 
549.895149 390.677283 569.122545 378.960711 5.470629 0.122222 15.652037 
241.056024 124.015598 225.961748 131.320801 2.866989 0.122222 4.982436 
675.727130 33.101962 668.327310 0.297398 4.639165 0.122222 14.921009 
427.034406 357.017782 425.383343 344.406638 3.127912 0.122222 1.640827 
527.281543 380.812699 531.965800 370.666922 2.269763 0.122222 0.885535 
753.291904 508.139951 754.745897 491.908224 3.288945 0.122222 5.300589 
465.333841 522.917469 459.513717 531.082905 3.748162 0.122222 0.650447 
416.138389 375.620879 416.278242 350.621662 3.777912 0.122222 5.097208 
560.594306 318.151960 547.168664 302.867057 3.160184 0.122222 19.421277 
677.539398 498.480153 683.317832 508.008052 4.502805 0.061111 1.225263 
341.834744 388.202668 356.858833 388.658207 3.312120 0.122222 2.277524 
565.149658 197.056514 577.412437 229.169774 4.225106 0.122222 24.595828 
480.929435 402.390288 472.337104 386.623175 4.088304 0.122222 1.969083 
273.178938 447.974217 263.668321 437.625672 3.059164 0.122222 5.701593 
355.635068 435.540295 407.989714 441.763189 3.428714 0.122222 61.654979 
386.238203 417.124735 391.578291 430.741362 4.700374 0.122222 2.778156 
488.101306 435.165540 479.375034 411.874987 4.092250 0.122222 14.345668 
501.762423 369.841415 513.912088 361.790151 6.954849 0.122222 7.579283 
606.174429 373.786303 600.062114 390.418136 6.417855 0.122222 14.282217 
487.140920 377.526291 495.493225 381.236015 7.741525 0.122222 0.526250 
792.349591 51.754757 797.785777 73.210946 1.858309 0.122222 0.197939 
475.061142 206.908428 474.166233 191.813271 3.161400 0.122222 11.938900 
449.826730 163.130727 450.048757 145.617694 2.721644 0.122222 8.397474 
485.713363 391.780448 500.579586 405.673595 2.560466 0.122222 2.277524 
522.163284 370.704635 542.685948 353.840693 3.346550 0.122222 4.775169 
765.316796 496.820865 765.564399 506.845623 5.060205 0.122222 2.277524 
795.155175 73.229111 791.547255 56.947627 2.572572 0.122222 5.751630 
231.806403 472.336081 214.321476 469.734765 4.077063 0.122222 23.522114 
459.447770 516.862676 460.958043 525.780294 3.697351 0.122222 5.449784 
335.597279 363.297467 305.569382 358.471027 3.702479 0.122222 29.182763 
530.954755 406.830968 532.966416 421.896176 2.974339 0.122222 7.514440 
742.367842 516.698303 750.290079 512.493916 3.966215 0.122222 2.241581 
550.519474 318.948376 544.060981 308.315742 3.624468 0.122222 1.827278 
787.907546 125.694591 798.247466 123.789783 3.590944 0.122222 1.392401 
225.292395 128.686643 250.457057 116.527426 2.251002 0.122222 14.357193 
454.614131 209.497873 450.798142 178.103954 4.476749 0.122222 30.894303 
200.580917 528.453970 229.317415 532.304730 3.052702 0.122222 14.665489 
395.568237 334.567981 404.636675 337.235375 4.826464 0.122222 0.197939 
788.068905 515.533192 798.687319 509.045323 2.213491 0.122222 0.573075 
536.531864 409.311817 537.930650 429.388541 2.233316 0.122222 7.437788 
397.004891 429.375096 397.016016 414.374178 2.509270 0.122222 6.827656 
534.498993 178.075261 540.116477 192.078990 3.257662 0.122222 12.215012 
738.629990 489.354245 739.196262 503.132346 1.762255 0.122222 3.624084 
532.814791 156.928244 528.330908 130.804206 2.289263 0.122222 5.721428 
549.332772 10.676808 536.925108 0.563524 2.906749 0.122222 4.029908 
576.526579 359.623855 588.603758 376.533053 2.325400 0.122222 3.470421 
441.957806 371.792422 427.603571 357.398441 3.530642 0.122222 7.258415 
413.108372 29.345803 395.593820 39.320250 2.323387 0.122222 3.306101 
451.300612 177.940906 449.997981 164.315441 5.215228 0.122222 3.965983 
791.010526 464.367690 790.883599 479.377187 2.595043 0.122222 3.110013 
466.701786 159.391004 464.275778 133.134168 3.389082 0.122222 23.832576 
551.227738 16.165427 578.920408 39.688606 3.380436 0.122222 16.096144 
116.594896 399.492775 254.456855 427.725293 4.455416 0.122222 209.894970 
574.411826 320.622225 573.100488 303.221046 2.987936 0.122222 5.125550 
532.840667 0.949474 546.107172 12.574757 2.587753 0.122222 5.701593 
0.289780 369.456869 115.835475 398.538760 4.988221 0.122222 147.704180 
0.442694 362.565299 71.676164 381.377887 3.055484 0.122222 66.901457 
403.398970 7.788622 393.714653 -0.098971 2.727805 0.122222 2.355610 
494.159389 320.610193 492.524265 344.419589 2.751054 0.122222 22.128523 
582.285319 244.502398 579.577415 226.654636 2.957541 0.122222 8.362830 
123.300806 394.788375 204.385056 411.827145 3.217736 0.122222 60.491738 
235.618373 394.244388 237.087929 408.233941 2.945940 0.122222 3.306101 
396.018209 28.788051 351.663915 -0.925804 6.312104 0.122222 82.984757 
430.727639 342.398541 461.885493 346.800732 4.264949 0.122222 28.849885 
456.881307 349.325796 430.582695 345.955068 2.002972 0.122222 15.815468 
254.342322 370.790749 224.278660 364.863659 3.419926 0.122222 37.214824 
179.292332 467.379790 208.288213 472.128389 2.733515 0.122222 23.002995 
311.635324 83.894333 335.148706 72.169800 2.231171 0.061111 3.129578 
563.105305 293.426779 553.196339 280.570017 3.651208 0.122222 7.774966 
443.891995 386.795123 452.690722 390.427076 5.332993 0.122222 4.296586 
399.444919 358.172349 407.606436 346.120321 4.506821 0.122222 0.565405 
400.637895 401.477599 423.154748 402.208244 3.869646 0.122222 27.492191 
499.527396 313.112127 501.004041 330.592982 3.017205 0.122222 5.957135 
423.752547 381.415075 443.682366 384.385886 8.761805 0.122222 12.144782 
523.042194 442.381517 494.231913 445.590279 4.421733 0.122222 26.440250 
490.381148 0.150813 425.249579 33.644970 2.573077 0.122222 47.055537 
236.453414 58.136818 236.242348 50.607694 3.228611 0.061111 0.026769 
414.222842 36.580765 485.229837 -0.139144 2.148120 0.122222 53.159458 
478.101387 376.873880 486.895438 376.707908 3.890855 0.122222 2.241581 
734.320657 398.620977 758.127178 396.905222 2.403677 0.122222 18.229681 
237.284305 409.460464 247.357899 413.001079 3.888144 0.122222 4.872020 
485.121619 232.088620 490.379771 244.479068 3.592239 0.122222 2.647247 
384.481061 414.583168 366.542685 423.722761 2.879647 0.122222 5.163445 
250.609035 395.734078 239.415863 394.095813 3.710468 0.122222 0.197939 
567.182186 335.680307 570.133786 319.286560 3.124921 0.122222 11.052266 
638.135013 344.910842 615.619517 345.331566 1.600083 0.122222 13.665432 
356.856616 440.789434 410.633177 446.801865 3.456747 0.122222 52.110496 
304.328557 387.200055 328.303521 390.625526 3.535672 0.122222 21.264292 
25.485744 311.054587 0.296261 302.889121 2.796344 0.122222 16.949218 
79.552834 328.861169 31.725061 312.308230 3.406276 0.122222 29.399658 
15.548166 288.350073 0.585039 283.242058 2.047706 0.122222 1.367982 
220.625672 371.871911 274.284613 383.540647 3.346401 0.122222 41.518825 
372.656167 0.790623 389.512732 12.933808 5.921959 0.122222 32.646064 
49.126269 440.456445 26.664489 435.290272 2.619108 0.122222 5.721428 
318.409723 404.360738 319.037402 416.891910 1.686168 0.030556 3.140377 
743.665340 65.797946 740.649687 53.423612 3.082031 0.122222 2.250085 
164.559270 349.885712 110.726517 336.467716 3.037661 0.122222 52.382138 
543.294609 155.553414 549.613369 170.524392 4.427005 0.122222 1.245149 
