312.153788 423.543500 296.409103 418.264560 9.885570 0.333333 5.069017 
292.960870 415.826957 276.303785 402.289776 11.095506 0.333333 11.174307 
387.140703 357.117384 376.374970 368.918854 8.230253 0.041667 25.162617 
485.707116 369.911095 470.566712 370.607180 7.951355 0.333333 0.135103 
434.557369 521.608903 419.575206 532.159304 7.499358 0.083333 1.524440 
351.191767 399.859527 329.164080 425.626067 10.160692 0.333333 10.015456 
248.735333 35.625923 248.720898 25.624140 3.135818 0.083333 1.439011 
278.204075 401.931571 263.352054 395.129255 7.625692 0.333333 3.152697 
368.693272 378.692712 357.438147 389.938609 11.487947 0.333333 4.179973 
250.172981 53.134804 249.819523 36.838247 8.910573 0.166667 0.830875 
358.238059 390.848278 350.136112 399.819970 7.421650 0.041667 12.855013 
772.170179 361.645431 763.949283 374.093858 8.718425 0.333333 1.885895 
758.999789 426.327290 751.296145 431.604698 4.662724 0.083333 2.208663 
376.704474 368.014436 369.583003 378.682696 9.364955 0.333333 0.611801 
705.684171 87.633926 685.821925 85.240670 2.736300 0.166667 5.076778 
670.143266 433.714920 655.373934 444.493756 10.206729 0.166667 6.478475 
520.482548 241.790794 514.807304 251.391645 2.902454 0.166667 3.264566 
543.328424 329.920366 536.398542 300.738144 3.445410 0.166667 1.757573 
469.968282 369.709096 452.260489 365.605840 8.628239 0.333333 3.973740 
270.645392 93.182220 260.981762 96.626088 3.181937 0.083333 1.775675 
420.850676 305.271699 398.634189 319.465460 11.001912 0.333333 3.958576 
273.571631 452.482006 284.346148 459.966105 6.559382 0.083333 2.870526 
650.539006 484.603634 643.089533 494.347886 9.577924 0.333333 1.100446 
724.398114 464.533579 701.863158 464.903361 2.868822 0.333333 0.037098 
788.242075 74.868961 773.058757 75.888245 8.897802 0.333333 2.629017 
440.654150 438.460723 425.604342 438.615428 5.675933 0.041667 4.114108 
769.510986 420.825539 760.062644 427.232461 8.680570 0.083333 0.252289 
342.934140 449.383441 342.998174 431.865398 14.981623 0.333333 4.226667 
745.530438 92.838625 773.161694 92.191297 6.277562 0.333333 4.303916 
420.182176 73.199337 421.687164 56.857701 2.025661 0.083333 0.444053 
485.914067 333.069653 487.387696 340.766169 4.520860 0.083333 0.838358 
764.414935 374.581243 761.234608 394.472468 6.666750 0.166667 2.443505 
711.993777 74.989543 704.069691 73.508409 3.413934 0.083333 2.493497 
222.831136 59.360410 222.606154 83.167348 7.405166 0.333333 2.711880 
720.622603 484.698807 705.614173 484.587712 5.073883 0.041667 12.670326 
720.772426 503.122843 720.643646 494.319868 4.355779 0.020833 1.249656 
356.368857 51.019410 337.518088 59.546645 11.578568 0.333333 10.743879 
234.660066 0.610555 234.798847 39.377957 8.870763 0.333333 26.413244 
339.272643 59.891437 329.078503 64.154881 5.241143 0.083333 0.909021 
460.534530 449.809276 470.706610 450.355661 6.016480 0.166667 1.073582 
780.313817 476.012150 778.193435 460.615575 5.418110 0.333333 3.966753 
247.474078 59.720006 252.044899 51.783106 5.744911 0.166667 2.181167 
687.099887 468.144741 685.883022 482.007374 3.735635 0.166667 2.181167 
488.618929 346.677887 487.243560 369.397312 12.175026 0.333333 14.488103 
774.283799 91.524681 798.293924 93.958599 4.739416 0.333333 6.190649 
473.173564 388.147838 472.647145 446.893121 4.186683 0.333333 8.231481 
504.194014 55.840586 473.899928 77.937404 5.405901 0.333333 0.554913 
730.762393 479.377228 730.739858 468.122267 2.520017 0.083333 2.585037 
698.031084 83.332682 723.174261 84.204773 7.452162 0.083333 14.102635 
707.791837 106.592601 704.410306 95.614125 3.548641 0.166667 0.938629 
789.383377 88.868576 744.354344 88.123754 4.286994 0.166667 4.444905 
693.081785 381.082077 713.226327 379.984185 3.744443 0.166667 1.402995 
771.665224 404.274959 772.262325 417.944274 6.680448 0.166667 4.574652 
445.418506 517.536558 433.898463 521.579126 3.811329 0.166667 0.748751 
335.392723 455.442015 341.174046 448.103329 9.967497 0.333333 1.487729 
317.613834 418.910343 310.631202 414.365471 2.795045 0.083333 0.386014 
399.093128 319.781036 391.470719 337.955443 6.730527 0.333333 1.056197 
483.199244 93.074243 475.568991 81.913291 4.938256 0.083333 1.729754 
458.455947 380.750490 449.325338 404.830148 5.804863 0.333333 1.817745 
471.640317 109.456398 487.024008 106.366984 6.855906 0.083333 7.096470 
500.047632 282.887546 491.565483 303.511793 8.567789 0.333333 1.593838 
485.496497 311.825496 486.442389 333.254448 10.265884 0.333333 11.884949 
438.297177 307.625660 420.355830 305.859806 7.199450 0.333333 7.509859 
485.364520 526.152464 468.317952 517.734279 6.157404 0.083333 7.786737 
476.993197 54.638681 456.606920 63.776949 5.467139 0.083333 6.721336 
612.731687 366.964323 608.645741 348.972857 5.817970 0.083333 12.640236 
324.862464 479.064661 329.582098 467.468014 10.460507 0.166667 3.037641 
514.612923 250.830936 513.872024 260.681188 3.635119 0.166667 0.196381 
460.877501 66.157363 504.336816 45.544495 4.227381 0.333333 9.615196 
721.441127 465.596565 721.876119 478.081409 5.040494 0.166667 0.053229 
303.274001 481.530288 310.503818 484.655353 2.559116 0.083333 0.475625 
641.113423 498.003018 639.879662 505.705832 3.227843 0.083333 0.520253 
646.505888 498.112767 646.800929 519.358670 5.173088 0.166667 1.087311 
653.649663 461.697612 649.906134 477.004893 6.935498 0.166667 6.489260 
709.046917 505.197533 715.773060 503.882019 4.042096 0.166667 0.151961 
760.673964 464.368254 763.232441 482.937976 8.965297 0.166667 2.122373 
798.394105 76.738999 787.587977 74.640892 6.611923 0.333333 3.113936 
440.208078 108.020379 440.593246 115.689375 2.495279 0.083333 0.475625 
475.533186 80.403646 504.929053 68.210770 5.294172 0.333333 1.145355 
328.177591 12.980317 339.719995 17.175885 5.952632 0.166667 2.806430 
799.489172 201.600636 794.079968 209.163997 4.271243 0.166667 0.076413 
578.570163 344.823666 586.056490 337.304612 5.456860 0.166667 1.633879 
778.516470 457.777611 763.609783 464.242764 3.658060 0.083333 1.410821 
680.552499 393.004329 669.527269 399.628437 7.504728 0.166667 1.066498 
522.430657 313.441733 531.336417 297.818000 3.866163 0.083333 9.513498 
395.501245 442.924786 459.609112 445.159763 12.187547 0.333333 55.691418 
635.403585 522.396739 630.090208 532.871830 4.388498 0.166667 1.465234 
245.051130 69.209750 247.664960 60.132583 6.188327 0.083333 1.789506 
571.463267 300.574087 580.528375 294.236784 2.722038 0.166667 0.151961 
599.772503 416.980816 601.885051 409.044924 4.345191 0.041667 1.722973 
772.889531 432.616759 779.075478 424.156009 3.335107 0.083333 0.444053 
329.769633 468.210067 335.963952 456.397271 12.757858 0.333333 6.545679 
435.364380 412.445521 470.463260 428.479064 8.183655 0.333333 9.783657 
295.626933 464.374379 300.695157 480.155369 4.039534 0.083333 3.664060 
562.545609 284.972704 547.721964 269.732896 11.354808 0.333333 10.195722 
500.560112 455.082553 520.734344 456.932684 6.463128 0.166667 12.662497 
448.244919 407.029134 431.083600 408.494779 12.986500 0.333333 6.178232 
424.513456 439.036616 375.590386 434.772091 5.740950 0.333333 14.070304 
487.239956 447.361931 500.376413 453.644759 8.334968 0.166667 3.507177 
639.712519 506.769579 640.302000 515.646449 2.991459 0.083333 2.633988 
521.414285 455.930800 543.969727 451.194848 7.596807 0.333333 2.850761 
526.573001 293.879741 523.938764 302.134681 4.763349 0.166667 5.599020 
539.663721 299.300496 541.936770 308.109060 2.653396 0.083333 1.439011 
345.038146 28.050121 346.897120 44.513646 5.108679 0.083333 9.169481 
794.865181 457.753202 793.003489 474.076005 6.560187 0.166667 3.284923 
487.239801 341.721419 487.524993 347.041190 5.973374 0.041667 0.959620 
570.514415 363.450582 555.543281 358.365597 7.950444 0.166667 3.178516 
285.921638 16.674563 311.518200 23.549432 17.694237 0.333333 4.702989 
591.956976 332.800674 581.666554 330.199683 5.359214 0.083333 0.035364 
500.778026 32.831891 492.833139 28.684037 3.763243 0.083333 0.763099 
669.850705 468.093987 671.321923 490.661057 2.982617 0.333333 6.360423 
744.773684 436.071301 733.257232 430.358436 4.487992 0.166667 3.582493 
602.358681 408.274803 609.483183 385.271363 6.393241 0.083333 9.358100 
393.261001 363.626548 399.439365 346.552958 11.630588 0.333333 6.727418 
310.692332 467.949499 296.616344 462.549190 2.510296 0.083333 1.804146 
426.583702 47.988140 425.847004 63.013308 4.923787 0.333333 3.563911 
514.663515 46.601077 500.185814 32.339824 5.316464 0.333333 2.084258 
780.684104 357.042200 771.009301 360.462158 9.916146 0.333333 1.075390 
579.796811 411.211423 565.402260 421.565336 3.079848 0.083333 4.007332 
342.566265 68.319762 358.417215 59.926883 5.394623 0.041667 17.509428 
542.991003 363.092582 545.986143 350.712371 2.765138 0.166667 1.959932 
504.682132 91.218098 513.990707 77.857261 3.169301 0.166667 5.942261 
750.649427 83.988974 798.157499 84.698294 8.954297 0.333333 24.677324 
682.821124 533.589998 674.155075 525.738116 8.075847 0.083333 2.870526 
542.022968 230.621834 532.811022 229.534128 6.206882 0.083333 1.789506 
798.425204 363.050809 780.702547 359.032944 11.800697 0.333333 5.206449 
502.659511 65.912199 483.228918 75.828621 2.748891 0.083333 3.569218 
485.103225 34.242010 481.882819 46.876993 3.966198 0.041667 1.457639 
238.967936 141.032306 294.333046 114.288148 6.257352 0.333333 37.854430 
481.985248 74.540821 506.237670 58.416405 2.790878 0.083333 9.513478 
713.112487 374.423625 703.733617 372.010016 4.877796 0.166667 2.183834 
428.968711 405.227758 435.175146 418.409735 2.798128 0.166667 0.034539 
557.281528 391.496107 535.999696 401.427898 3.171711 0.333333 3.563911 
503.273699 274.437027 499.720600 282.954908 5.674417 0.333333 1.589210 
342.382003 15.862316 357.885287 23.607074 9.505473 0.333333 1.187188 
590.841179 438.229848 600.598441 418.112119 5.111721 0.166667 11.660778 
643.198783 21.956106 623.121155 4.214745 9.104742 0.333333 13.423241 
304.244772 455.686060 312.925946 464.601691 8.955807 0.333333 4.705768 
482.766931 50.898364 487.048583 36.928201 3.662895 0.083333 5.494427 
262.456815 398.745304 276.830494 412.026038 6.705935 0.333333 8.982405 
309.817031 16.404881 298.231596 5.511630 7.422168 0.333333 3.891241 
305.721585 108.325018 342.983459 90.331884 5.820845 0.333333 25.141951 
407.244253 10.728481 401.592393 30.896106 3.081877 0.083333 2.786190 
645.633347 443.709038 560.614983 444.924147 4.607068 0.333333 31.565078 
663.432783 41.708639 649.121782 25.968709 8.912822 0.333333 6.798957 
755.767693 59.323061 755.550726 74.391928 5.070948 0.166667 0.394467 
576.952518 323.123636 577.217587 338.184968 8.924611 0.333333 3.499829 
342.985524 90.201417 389.921355 67.894467 6.550482 0.333333 17.480819 
223.311802 132.724169 235.495751 138.402336 7.249073 0.083333 7.520289 
497.484389 45.447938 477.939636 56.548634 3.260769 0.083333 7.229992 
669.373197 46.958549 663.842752 41.040526 4.506605 0.083333 5.855594 
761.838591 444.370409 763.739664 429.294882 8.368467 0.166667 3.660435 
297.753681 112.454376 303.699348 109.162306 5.585234 0.041667 4.157121 
596.007867 397.936332 598.195181 416.866891 2.998020 0.166667 0.957681 
466.629380 45.457537 472.685304 36.575217 4.178055 0.083333 0.745739 
518.709944 78.449575 520.715377 67.112093 5.699899 0.166667 3.197237 
739.378139 75.359409 713.102260 75.048819 3.927031 0.333333 10.683222 
564.960547 309.788479 571.925063 299.925706 8.948888 0.166667 2.568777 
494.435143 38.018715 507.118038 45.195500 6.097498 0.333333 0.903217 
345.448204 50.264187 355.487744 45.344882 6.140002 0.083333 4.161417 
240.611040 43.078831 241.658138 14.412738 5.087925 0.333333 0.408693 
797.530656 405.762484 793.645175 388.965522 8.152186 0.166667 3.284368 
605.484427 348.348687 602.733601 300.503767 11.690143 0.333333 42.174055 
704.376132 45.627862 716.895305 40.676338 5.326118 0.333333 2.664539 
765.164980 20.831224 791.758529 9.110731 6.185035 0.166667 0.043869 
621.773670 11.850222 639.027830 27.397516 8.275710 0.333333 4.072822 
234.305219 113.132180 232.624517 96.797879 6.856886 0.083333 3.613298 
533.489957 405.193230 554.469060 395.835882 2.159963 0.083333 4.535347 
695.530122 427.322108 697.184226 409.175308 9.773951 0.333333 4.728269 
313.824944 464.288927 322.875674 478.286216 9.012993 0.333333 1.817745 
539.905184 372.896544 542.902944 363.451250 5.900145 0.083333 5.349579 
641.715545 31.768923 651.748170 39.837069 10.163210 0.083333 1.408585 
242.848227 43.129713 243.103960 58.146645 7.498913 0.041667 4.537493 
261.567523 87.142430 279.204410 74.838651 6.151120 0.083333 8.017846 
672.996229 530.470584 671.283497 518.034311 6.691493 0.333333 0.080262 
390.559062 67.888772 400.483634 65.118545 6.692014 0.041667 7.726708 
671.969818 444.383109 670.041350 466.931989 2.597423 0.333333 2.077190 
223.034929 95.625031 223.047696 133.124601 6.249574 0.333333 5.335747 
724.358840 83.867517 750.627388 84.080569 3.912082 0.333333 4.239699 
231.840624 89.397634 232.260271 66.858900 2.177072 0.083333 0.273559 
276.470918 412.864409 285.827298 428.506290 9.444011 0.333333 12.894077 
655.340616 44.441170 665.295675 52.561227 9.226630 0.333333 1.993606 
273.807573 17.415235 257.966046 0.776337 4.569931 0.020833 1.343929 
571.680541 380.047776 568.742963 368.282813 3.848787 0.083333 0.743279 
279.585197 70.935316 263.222459 82.018880 3.772575 0.083333 5.161609 
339.430309 431.825211 332.903266 424.574607 3.192735 0.083333 1.775675 
541.934538 450.504218 651.902911 449.162355 12.712593 0.333333 92.290762 
488.171390 35.500066 494.762602 37.947517 4.854358 0.083333 1.071057 
585.274279 -0.358627 642.175676 51.663366 4.454545 0.333333 22.489262 
284.981932 428.842688 294.868805 442.341107 14.118054 0.333333 11.973710 
562.134112 317.405335 566.414694 310.771414 6.527601 0.083333 0.315591 
764.055316 38.548146 752.339963 43.077614 6.731005 0.166667 5.570792 
550.110746 351.358824 552.990347 338.661429 7.590727 0.333333 2.079641 
355.308303 45.157420 361.502187 42.313140 6.076681 0.083333 1.804146 
747.029146 0.486552 760.067401 15.003111 5.106278 0.041667 7.075202 
660.647412 398.428135 610.603720 399.150266 6.664170 0.333333 7.622548 
688.836205 51.665668 704.067514 46.042170 4.854034 0.166667 3.767541 
727.206709 58.876919 711.757565 65.692304 7.871001 0.333333 0.693177 
782.695432 67.012843 785.827821 48.369092 7.396334 0.333333 2.154026 
361.544063 41.683376 367.990949 37.896771 3.726678 0.083333 2.493497 
441.041021 425.345969 447.532372 432.418899 3.094367 0.083333 1.551385 
742.567932 49.472839 728.614762 56.646242 7.304398 0.333333 0.348376 
491.019795 304.032706 487.914633 311.790801 2.518408 0.020833 1.324766 
503.848744 343.110309 503.792924 335.610725 4.999827 0.083333 3.068041 
675.201220 459.376078 675.156678 441.873011 5.038155 0.083333 2.302962 
525.890916 346.981615 510.266155 350.044287 4.137512 0.166667 0.700393 
446.362655 177.185705 452.711677 213.197870 4.486474 0.333333 0.473538 
723.155816 38.198006 740.696414 30.794188 5.271978 0.333333 5.765484 
745.012945 29.100296 757.938928 23.911473 4.877065 0.041667 5.483630 
791.734818 447.034800 793.015832 428.117607 5.664197 0.166667 6.077287 
609.542745 384.663822 612.970322 367.838840 4.649843 0.333333 3.105264 
699.674185 19.997402 713.041978 -0.254879 5.822093 0.083333 14.319973 
222.602165 41.863718 222.695008 58.134586 6.257031 0.010417 20.023860 
719.053375 379.709892 711.430700 372.389188 5.445079 0.083333 0.035364 
665.491973 53.259874 676.827660 64.440350 6.603580 0.166667 1.295028 
683.352716 60.483745 674.801108 51.400686 6.961358 0.083333 2.582622 
733.122087 399.299281 771.718768 397.814307 9.223693 0.333333 7.035793 
219.298195 469.816282 184.482621 463.756664 6.905692 0.333333 18.644043 
697.568522 30.906344 693.731770 40.364058 5.573060 0.166667 0.957681 
478.716771 290.189618 483.805045 311.714242 4.356969 0.333333 0.282084 
520.487168 67.592768 514.903198 47.071406 7.343519 0.333333 3.249763 
476.133842 431.876480 476.213825 404.373077 2.576327 0.333333 7.314665 
677.754995 64.632351 691.118054 76.478849 3.933750 0.166667 0.863523 
682.467834 430.028830 693.067317 440.682390 7.084539 0.083333 9.384970 
447.920872 140.617752 446.632128 176.910763 3.925073 0.333333 12.615104 
478.495919 397.935273 465.001930 371.554322 2.007226 0.083333 2.419573 
481.891238 24.532730 507.701378 12.235853 5.860887 0.333333 1.483544 
780.645890 8.385681 766.881237 8.576018 6.335819 0.041667 3.645218 
328.086819 63.083356 318.351801 72.009020 7.370826 0.166667 5.100683 
446.564729 424.821042 437.357324 416.350705 4.452402 0.083333 7.817343 
585.527371 335.861687 598.599981 341.253913 9.114303 0.333333 1.148341 
733.363704 57.818310 736.531625 73.195739 3.672870 0.041667 17.949397 
255.155393 1.054898 272.472889 19.971970 2.830434 0.166667 7.818926 
752.014754 19.269689 747.047298 14.175993 6.242145 0.166667 3.731243 
379.310063 498.837959 414.586673 502.050986 5.319534 0.333333 24.260112 
458.141604 321.850887 442.391561 311.005388 11.392498 0.333333 5.839897 
430.591907 14.325706 417.347660 23.217107 5.189093 0.083333 3.788545 
169.418756 472.818806 230.668372 481.571491 6.895632 0.333333 27.080618 
670.893882 491.848675 673.463246 518.091884 3.975755 0.083333 0.831286 
440.736599 116.310161 446.078335 129.186941 11.828260 0.333333 1.921105 
414.257742 492.011805 379.296304 489.055731 6.245999 0.333333 17.121544 
691.794248 407.677038 709.492010 406.835364 6.064802 0.166667 5.874221 
740.122648 7.950732 745.354537 30.396681 3.652102 0.083333 2.061387 
688.643313 5.535651 692.972816 30.651234 4.290285 0.333333 0.082942 
508.048116 11.778725 531.460234 -0.186561 5.639249 0.333333 6.692394 
425.330814 7.442553 437.544296 2.177617 10.172756 0.166667 1.993852 
792.884963 392.036106 775.631856 404.384580 5.305994 0.333333 3.279985 
472.954233 521.341344 478.401025 532.356608 4.481994 0.166667 0.861455 
536.113679 364.988786 526.338662 372.771368 5.369024 0.166667 0.863523 
513.764790 370.533183 516.828544 391.881667 3.368165 0.166667 1.216008 
252.956538 81.856502 256.241298 51.942674 2.829716 0.041667 1.403852 
316.892252 68.137849 310.470713 76.760093 6.996601 0.166667 0.360844 
445.218512 4.718273 431.795454 10.735859 5.978601 0.083333 6.831612 
644.750481 53.954268 668.602326 75.240792 4.893539 0.333333 7.965628 
546.642764 333.369539 534.227665 336.237117 6.278298 0.083333 5.306817 
603.161993 498.041757 561.874233 499.350809 4.878653 0.333333 19.819454 
707.035396 451.467919 723.405475 440.436299 6.851811 0.083333 1.719805 
669.102194 75.754692 685.761296 90.285675 6.693658 0.020833 28.129683 
707.224385 53.816963 688.250227 63.397367 3.798676 0.166667 1.035829 
354.574154 385.538605 218.004076 365.186442 6.181735 0.333333 55.274167 
261.506218 440.973631 273.089719 453.226655 5.350844 0.083333 12.326222 
509.716874 351.282499 493.816172 359.550252 1.895944 0.166667 0.196381 
669.655031 397.804391 660.936256 398.326153 7.484374 0.041667 0.343961 
626.857364 402.681222 693.157669 404.131507 11.028617 0.333333 37.312960 
778.136376 49.445146 779.194836 68.135203 6.452033 0.083333 22.797847 
738.516461 446.724251 745.353844 464.479420 5.115190 0.333333 0.282084 
529.315456 342.225178 548.148422 340.978944 6.566504 0.333333 1.358698 
708.598673 13.345479 703.371256 24.575956 6.115468 0.166667 2.316057 
652.997931 23.385063 649.178766 3.162059 4.380761 0.041667 25.027795 
602.299042 344.593828 608.898017 369.501371 9.026238 0.333333 0.887858 
748.479012 66.067518 745.111867 49.738571 10.765737 0.083333 13.260636 
560.631793 503.378221 601.885637 502.271498 4.964680 0.333333 14.163271 
775.872843 425.530055 774.368400 401.796183 1.954176 0.166667 0.034539 
759.345849 393.766870 718.190419 395.739706 4.523769 0.333333 8.296382 
742.366137 33.017332 735.166911 0.177369 5.151689 0.333333 1.443084 
245.612826 18.124435 244.455941 43.070785 4.093412 0.333333 7.071694 
553.933496 155.854715 535.362536 120.161935 6.751673 0.333333 9.108544 
525.671756 134.365697 534.665406 179.565934 5.398031 0.333333 12.089949 
416.530209 332.716080 419.749575 310.319484 16.966257 0.333333 11.525716 
443.146256 494.979008 418.177177 495.857690 5.568403 0.083333 7.525700 
181.837805 462.559488 169.306882 461.878553 4.499602 0.041667 1.659831 
705.586568 26.882266 708.410927 41.820942 2.988076 0.083333 11.005611 
462.130991 330.496075 457.860755 322.017156 6.698450 0.083333 0.703138 
480.917922 215.405051 475.514034 208.208322 2.501408 0.041667 1.322922 
721.582564 0.429043 728.513044 34.295590 3.257897 0.333333 8.490976 
400.702452 66.006904 407.439414 86.691168 5.141300 0.166667 6.283530 
435.207096 14.757974 468.461374 -1.270499 5.954468 0.333333 14.901749 
663.467618 500.642269 664.611476 477.947909 12.735847 0.333333 11.664058 
705.482843 112.611846 727.665592 106.466644 6.153379 0.166667 1.070034 
253.500824 404.363270 254.126860 424.421758 3.514210 0.166667 0.863523 
562.821727 424.609558 564.183657 411.854569 6.214673 0.166667 6.771172 
339.152948 428.617751 382.627349 390.800921 24.979720 0.333333 139.670839 
721.620198 35.904214 717.152068 11.823590 4.320763 0.041667 14.536530 
596.015485 315.762642 597.152484 333.188455 9.301142 0.333333 8.198389 
466.625256 503.186121 463.956961 492.283224 4.523693 0.166667 0.179500 
170.113880 463.102864 170.303195 469.422089 5.733931 0.041667 0.518309 
709.182405 524.934525 729.679650 519.217204 4.423140 0.083333 8.903881 
583.180819 6.512418 588.962964 27.336491 5.084306 0.041667 7.524038 
523.155842 502.283392 558.154648 503.565979 3.976372 0.333333 9.810894 
781.178362 439.506604 785.103823 423.001050 3.350405 0.083333 0.909021 
774.412897 506.857566 767.407880 491.629866 4.883205 0.333333 2.669919 
242.814773 57.990056 242.264303 69.453717 4.994245 0.041667 2.183964 
653.236956 514.073755 665.944470 529.316576 5.924297 0.333333 2.921655 
505.477248 260.862717 496.022187 254.985969 4.102863 0.166667 4.669247 
645.204199 0.224557 650.347237 26.928496 5.146170 0.020833 18.176399 
558.156074 499.943197 523.114920 498.346172 4.770501 0.333333 9.361668 
255.573755 427.548546 260.887975 438.599638 6.131223 0.083333 2.758414 
399.453578 399.180905 420.612661 399.798049 8.928496 0.333333 4.590150 
430.491444 308.930451 418.036097 347.694798 4.846165 0.083333 0.686548 
578.239889 221.830589 570.538793 201.908324 3.419399 0.333333 3.113936 
408.688277 76.044726 416.290210 88.482424 2.133119 0.083333 2.585037 
719.252726 425.639436 717.017931 406.710547 5.844876 0.041667 1.522035 
496.031606 250.469279 484.572887 220.549214 4.271876 0.333333 6.294897 
418.100693 500.074717 440.647215 499.770297 5.067047 0.333333 1.753494 
298.223094 484.550256 272.977048 482.246007 4.188946 0.333333 0.741008 
271.757903 485.589491 299.601667 488.274096 4.617026 0.333333 3.389831 
331.926341 457.992688 320.462291 453.544324 3.970121 0.083333 0.743279 
681.832857 76.981610 661.552845 63.613732 7.850189 0.333333 2.004913 
759.447414 54.682874 762.400745 41.997400 5.654956 0.333333 1.756804 
778.415718 518.415107 774.501131 505.470933 7.680661 0.083333 2.052213 
452.147167 214.317533 462.282101 262.316910 4.755802 0.333333 10.037498 
381.331595 371.695342 392.911123 364.051022 10.056972 0.333333 8.504725 
464.062690 349.388960 464.249295 336.854519 4.906410 0.083333 6.730956 
471.122357 532.228519 469.855534 520.572772 3.095727 0.166667 4.042718 
256.848630 375.931639 269.363571 377.007902 7.686624 0.041667 4.788749 
696.547713 19.652232 694.304110 6.887460 4.491732 0.083333 2.186878 
711.032407 436.159890 698.799066 433.623672 10.761999 0.333333 10.812780 
603.974540 404.261450 625.678779 402.561714 7.574700 0.083333 9.457127 
751.801690 97.780038 798.125651 99.355875 3.807177 0.333333 3.196032 
165.789922 520.678486 85.421570 509.600889 5.338060 0.333333 32.711187 
471.718043 403.945397 466.109615 389.675822 6.980216 0.166667 2.921454 
143.633659 393.762167 110.387327 388.329483 8.587213 0.333333 9.294324 
509.703867 114.506873 523.712608 118.627172 11.145559 0.333333 11.709964 
510.970090 390.630085 511.025924 373.114324 5.660817 0.166667 1.432184 
465.651544 528.807632 449.331996 528.569272 7.590210 0.333333 0.416658 
587.965618 256.946623 581.097372 241.662727 3.541539 0.166667 6.447663 
683.100408 23.855099 686.381752 39.478595 6.116552 0.083333 11.526348 
84.292776 380.930683 0.236099 358.320819 4.763152 0.333333 78.288812 
231.648311 65.656761 232.425909 40.603302 3.235583 0.083333 5.654841 
526.308384 100.176769 523.301310 88.675277 8.465448 0.333333 2.486031 
718.607074 6.779800 724.543722 36.841681 1.968284 0.333333 4.451938 
564.473101 188.093523 554.695522 157.621073 5.187343 0.333333 12.929292 
534.579650 258.715010 550.213950 246.355056 12.701315 0.333333 1.523464 
458.031009 363.650822 464.713161 348.960241 4.140400 0.083333 6.280140 
309.278882 443.329116 324.988473 450.726730 2.794310 0.166667 1.453830 
567.901090 197.705330 564.218089 188.700426 3.944113 0.041667 4.157121 
544.680259 20.516188 568.468794 40.209719 4.080469 0.083333 4.410724 
333.615720 29.708417 340.152959 42.123555 7.512321 0.333333 3.711872 
545.848423 306.544694 559.490169 321.771822 3.336347 0.333333 3.230089 
798.130130 102.808755 765.618408 102.281324 3.850886 0.333333 13.223388 
71.732405 532.820407 0.408159 522.062667 4.895593 0.333333 35.847433 
559.642503 301.712511 549.182270 284.492070 1.646105 0.083333 2.791494 
267.149189 378.402815 311.930128 383.928214 10.278900 0.333333 25.877650 
517.965861 391.938708 524.435899 408.100621 4.175403 0.083333 8.133655 
564.615318 24.455715 562.788378 1.602131 7.228046 0.333333 13.169425 
501.500451 349.728659 519.067113 342.388188 5.956242 0.166667 2.462711 
535.215207 126.573775 541.913542 145.257463 5.972213 0.083333 13.793274 
589.301436 394.513959 574.152859 378.473760 4.897516 0.333333 1.293255 
377.035693 431.805554 367.943710 433.043121 4.835087 0.333333 0.157847 
570.742171 37.980607 549.366767 20.635146 3.277888 0.166667 3.659590 
482.993664 385.798230 490.163315 391.233956 5.253829 0.083333 0.743279 
523.246978 113.187642 522.405024 98.026151 10.331160 0.333333 0.510348 
496.126464 350.922138 501.263198 342.253159 3.664340 0.083333 0.838358 
405.257625 350.552565 406.491759 322.995873 10.946784 0.333333 0.487531 
520.658358 376.632828 525.157856 400.477273 4.843901 0.083333 3.654149 
121.942779 518.837667 199.315408 528.597430 4.491385 0.333333 63.364324 
434.086954 327.339481 455.242488 319.581864 9.075788 0.333333 1.524367 
281.010723 101.590412 235.743254 127.084969 5.583386 0.333333 13.889715 
546.157320 276.112573 566.023410 305.354330 3.433391 0.041667 5.904437 
674.779759 516.862972 695.865357 523.625573 6.288116 0.166667 0.033002 
252.288764 418.719958 143.668413 395.128250 6.223694 0.333333 48.746598 
462.760465 262.672893 477.516850 291.573746 4.453120 0.333333 7.696368 
450.089422 324.645451 434.422337 333.211577 2.690634 0.083333 0.315591 
383.092744 53.003393 373.130527 55.645838 5.473832 0.333333 0.037098 
419.193256 401.200373 429.298976 404.600928 6.333528 0.166667 0.222755 
689.684688 28.356983 685.981223 13.345503 2.338471 0.166667 0.441092 
475.199473 194.166104 467.160078 162.436194 6.963257 0.333333 9.401156 
461.899576 128.954885 472.679387 112.398741 9.329923 0.333333 9.549432 
660.529597 0.360584 670.338175 43.190686 5.404062 0.333333 9.971067 
676.771916 29.411837 682.883621 46.514567 3.951937 0.083333 5.925863 
743.104036 124.163898 778.150627 123.661042 6.482491 0.333333 1.789209 
376.015474 2.541984 397.620487 17.011916 12.120004 0.333333 12.188017 
315.203908 385.338360 353.056228 389.940633 10.179467 0.333333 19.331439 
487.859844 302.492485 481.123577 278.691451 11.709799 0.333333 11.703057 
724.727246 393.032023 720.944409 378.700575 6.245404 0.166667 0.481510 
754.491251 478.202714 752.938635 455.552092 4.902812 0.333333 8.421932 
726.209650 34.511275 719.273428 0.645804 1.563873 0.333333 2.066332 
372.984590 56.591697 304.363355 90.601503 4.224662 0.333333 22.214960 
361.704732 430.314865 385.754655 417.111161 4.168090 0.166667 12.310562 
660.442768 450.461745 670.551010 439.178548 11.618618 0.333333 5.164080 
7.949581 500.466357 121.772666 518.761666 4.561153 0.333333 76.248942 
694.813182 524.883684 705.434938 529.786741 4.190097 0.166667 1.453830 
771.697514 389.429973 788.215140 390.577403 11.482829 0.333333 15.691069 
85.265983 509.074832 7.988246 496.462941 4.557681 0.333333 49.601841 
651.004445 479.733941 669.310520 472.290690 8.360109 0.333333 0.473538 
668.758359 521.267285 661.899984 505.084648 11.158311 0.333333 11.698235 
768.231310 38.100571 775.973773 71.794857 1.861051 0.083333 9.179636 
536.080989 119.186223 528.356998 100.528954 4.700566 0.166667 7.963632 
401.525842 47.086875 393.646283 51.942447 4.849717 0.166667 3.920848 
495.529846 405.715049 479.739770 389.029800 2.059352 0.333333 0.157847 
557.283901 187.490768 567.922909 202.022951 3.322570 0.166667 2.312994 
786.121607 50.626079 786.126371 31.874810 8.752223 0.166667 2.623680 
458.420602 230.580295 450.860277 180.589418 5.763926 0.333333 11.330236 
512.671066 411.140698 495.952992 393.016422 6.360370 0.333333 0.595925 
765.338436 500.133047 774.259466 532.926566 9.871131 0.333333 22.574258 
468.664947 201.006741 485.061884 231.505715 5.422028 0.333333 9.422081 
730.161208 520.462553 745.924323 515.286570 6.363471 0.083333 17.309738 
736.887755 503.122837 733.657299 484.072763 3.095702 0.166667 3.617169 
781.328762 531.289443 778.286560 523.065238 4.255783 0.083333 1.422285 
392.701037 368.514229 405.626101 366.883726 5.244093 0.333333 0.440049 
471.603041 432.680026 446.469226 424.332955 6.347279 0.333333 6.284467 
550.448225 289.447845 561.328038 315.850389 3.194156 0.166667 3.427465 
232.057751 529.223842 165.312834 520.518384 4.419174 0.333333 31.847835 
546.267983 368.437465 547.375524 379.450373 5.831242 0.083333 2.786190 
497.634476 299.300969 493.280757 328.148507 4.150862 0.083333 12.783150 
547.269168 433.047279 543.807372 415.490452 4.922862 0.166667 4.743605 
725.618094 515.606324 709.696192 521.493643 7.162638 0.083333 6.457187 
511.130373 402.304346 522.591888 422.182388 2.164542 0.166667 3.626834 
448.524572 526.936374 450.991843 510.873346 10.073857 0.333333 1.187188 
716.304521 408.707155 704.131363 422.916272 7.999377 0.333333 2.250746 
0.358901 526.994014 11.822155 526.153922 3.291008 0.166667 0.196381 
581.954353 240.610900 578.648187 222.004145 3.254802 0.083333 12.307776 
263.800207 431.051274 274.525503 445.513385 2.301163 0.083333 6.088603 
304.137641 362.017933 345.672611 369.095599 5.194170 0.333333 11.617337 
400.405864 376.957685 415.611360 379.457952 9.039688 0.333333 2.522768 
539.512359 192.005929 543.916081 229.429003 3.505460 0.333333 9.965874 
418.054905 25.583771 412.399759 35.198428 3.339664 0.083333 6.723469 
495.033251 256.695627 497.915500 267.272713 4.844686 0.166667 2.870695 
557.815179 385.068230 569.060844 378.810441 8.984897 0.083333 4.381047 
675.753098 33.095867 668.294933 0.302070 4.655384 0.333333 3.249763 
730.548829 17.323853 727.506338 -0.138372 6.120137 0.166667 0.766761 
428.264761 359.661294 423.946007 342.913290 6.052023 0.083333 0.831286 
460.371721 509.318493 459.898988 521.894696 5.182522 0.166667 1.351073 
451.133067 133.840988 459.553892 127.865551 9.437397 0.333333 6.173237 
753.651425 505.744477 754.750691 489.400268 3.489901 0.083333 1.789506 
653.583998 497.126339 654.357719 488.017357 9.141783 0.333333 4.415918 
413.983937 39.918761 401.136013 47.032998 8.495347 0.333333 1.734298 
676.795704 496.922167 683.698699 508.527280 3.700299 0.083333 1.219502 
727.185910 124.827641 741.922774 122.136623 7.378001 0.166667 0.455299 
488.377893 391.707527 498.701028 402.652758 5.404403 0.166667 7.440725 
567.431691 202.920740 578.872227 234.100829 4.812235 0.333333 3.973740 
559.186124 317.029917 546.190904 301.186100 3.246993 0.333333 0.873256 
271.518265 447.117646 260.984231 431.630656 4.092355 0.166667 4.776857 
353.076059 437.256416 394.920255 442.625644 10.714125 0.333333 52.735377 
386.675674 416.934107 389.704418 427.147982 6.835153 0.166667 2.155533 
485.012609 424.678926 481.037878 416.670092 3.715145 0.166667 3.264566 
606.820258 373.317569 599.432543 391.166204 9.040924 0.333333 5.976073 
387.263265 403.482221 396.918797 380.643516 17.887868 0.333333 82.111645 
415.188914 364.567890 417.295171 342.031092 5.478474 0.166667 2.545832 
791.807213 50.311839 797.868289 73.193001 1.734821 0.166667 0.076413 
474.899042 208.114579 474.626225 194.394861 3.873516 0.083333 7.049567 
450.012308 161.878821 449.981524 146.873756 2.530769 0.166667 5.599020 
776.520361 383.770636 782.216522 375.871268 5.447225 0.333333 1.112089 
794.945796 73.270097 791.206814 55.767743 3.667253 0.083333 5.371420 
480.102413 392.663064 487.348853 404.074085 4.890938 0.083333 3.664060 
345.566749 364.733456 294.250003 356.394182 5.305462 0.333333 11.155225 
746.811707 515.577365 753.727748 506.387876 7.128318 0.166667 0.567922 
466.494650 374.745992 483.008654 378.620847 6.412003 0.166667 0.209269 
523.290898 369.586760 535.891473 359.715138 3.509750 0.166667 9.932471 
549.646898 317.973770 544.217673 308.212505 3.399979 0.041667 2.492902 
234.448561 472.508229 219.364953 470.709242 5.112848 0.333333 0.611153 
304.128613 91.360295 281.928739 101.987261 3.142221 0.333333 2.638638 
790.374032 124.944713 798.388632 123.902687 4.312402 0.166667 0.196381 
225.294934 128.741632 236.703664 122.796221 2.075043 0.083333 3.713169 
200.576071 528.495359 226.700387 531.946703 4.045132 0.083333 19.591781 
409.802581 380.831406 432.014358 382.812662 11.182082 0.333333 31.226348 
788.018973 515.448991 798.671391 509.032031 3.451479 0.166667 0.034539 
398.147170 429.370223 393.347923 407.096299 5.523186 0.333333 4.496082 
364.390246 425.642150 349.804602 438.608262 2.071345 0.083333 0.745739 
497.312733 334.405423 497.718993 311.867681 2.477065 0.083333 8.779537 
535.121327 179.814931 539.924569 191.651996 4.129615 0.083333 12.413755 
585.909167 42.841546 567.182767 24.068006 1.938302 0.166667 4.669247 
555.938373 16.503564 536.245712 -0.110721 3.821591 0.083333 3.624582 
576.048070 359.069528 588.637216 376.505162 2.590278 0.083333 6.326999 
494.487510 329.364890 494.617489 346.882476 8.796132 0.083333 2.601869 
438.749386 368.811431 429.552933 360.429770 3.260180 0.166667 6.377171 
410.000810 31.924216 383.844344 44.523329 3.543518 0.166667 5.478913 
451.438953 180.549243 450.797484 163.072788 7.999304 0.083333 10.948398 
777.969532 73.160426 769.414340 35.616036 1.149193 0.166667 0.748751 
465.871946 156.978372 464.610250 129.478908 5.166618 0.333333 5.949605 
109.706049 388.341451 83.764127 380.032169 7.189086 0.333333 1.250769 
430.712376 356.779285 448.408497 372.933740 3.171677 0.166667 1.402995 
431.540489 400.135380 414.700301 392.726940 7.368402 0.083333 10.663677 
459.072830 398.046621 472.005802 413.011962 11.652776 0.333333 0.568615 
580.338523 247.352058 585.297340 261.552927 5.076427 0.083333 2.129054 
740.071842 508.502926 727.132687 517.255927 7.947858 0.166667 2.545832 
551.188859 16.212845 580.194496 40.912644 4.475920 0.333333 6.174841 
589.283319 267.057622 588.045768 257.965641 3.585082 0.041667 0.518309 
181.136823 411.093119 220.526692 421.015273 10.020802 0.333333 17.160755 
314.373679 2.066300 289.373700 2.043392 3.766035 0.333333 0.672063 
532.482413 1.154717 542.137093 9.296482 3.590076 0.041667 0.979224 
0.253774 369.600095 109.626632 397.125121 7.257095 0.333333 70.435277 
0.433330 362.598043 93.052053 387.150179 3.827861 0.333333 35.233048 
236.467285 73.109035 237.544393 45.602265 4.187317 0.333333 11.499653 
166.974766 463.794453 125.447473 456.658045 4.234149 0.333333 2.077488 
122.433379 397.407479 144.904848 402.532574 10.968349 0.333333 23.278445 
236.017513 388.151714 236.677675 409.342205 4.370953 0.333333 0.678058 
573.229189 319.441256 573.445486 306.859021 6.377988 0.166667 1.794036 
396.032811 29.312554 366.634611 8.463968 8.120541 0.333333 14.990981 
461.811627 349.913852 430.552957 346.237569 4.162344 0.083333 8.281931 
178.067982 467.226000 209.503723 472.332596 3.162689 0.333333 13.381032 
91.655572 503.056156 115.511138 507.487903 2.806125 0.166667 1.507842 
310.635236 84.395385 337.113443 71.099862 2.272245 0.083333 9.953893 
568.865130 300.211469 557.985940 287.196376 6.083916 0.166667 3.659787 
141.592604 402.350837 181.293914 410.841945 11.170801 0.333333 45.337177 
432.353849 382.056491 451.808709 392.536910 20.909069 0.333333 46.869909 
432.107122 339.483824 451.800830 343.489639 14.242412 0.333333 11.071808 
542.190200 396.925407 544.006789 385.566115 7.158545 0.166667 3.474987 
499.598561 309.362959 500.874016 333.044264 4.147932 0.083333 1.010774 
139.233075 462.794023 166.846677 467.058401 4.097003 0.333333 1.366709 
366.166972 8.531470 354.793356 1.223867 8.413133 0.333333 1.293255 
526.827339 441.518572 511.762413 443.533032 5.121563 0.083333 6.417499 
540.992378 145.983431 558.449304 188.970434 11.363942 0.333333 23.080072 
220.792282 420.997602 239.804473 424.622402 4.968893 0.333333 8.432364 
240.337089 424.556270 254.277345 427.360463 6.366675 0.041667 16.982069 
499.515975 447.933697 483.399073 436.056833 11.281191 0.333333 5.394787 
491.451341 -0.200748 425.806627 33.479006 3.888484 0.333333 11.112357 
414.189931 36.516544 485.221453 -0.156623 3.404495 0.333333 21.656992 
255.647544 531.631796 232.879698 529.521297 5.233880 0.166667 1.197188 
465.890920 258.091661 461.821366 225.631724 5.894145 0.333333 12.226475 
644.381380 335.123954 616.869924 334.773619 2.722627 0.333333 3.230089 
249.020443 395.155056 236.890455 393.036510 5.083040 0.166667 4.992536 
235.874613 409.601427 252.075632 413.552279 5.420143 0.333333 3.602838 
511.982999 443.955885 501.831553 444.285032 7.577077 0.083333 2.129054 
618.136261 338.616455 643.151769 338.043276 3.834917 0.333333 3.273059 
208.194781 475.195498 178.174851 470.318169 2.436574 0.166667 4.539211 
483.270567 232.151790 489.243421 240.716758 4.551288 0.166667 1.465234 
385.479441 414.085642 365.503857 424.134179 3.945707 0.083333 13.222616 
319.094897 13.487432 329.589183 21.597863 7.553438 0.333333 0.282084 
538.596917 174.435482 536.642775 149.295887 5.372452 0.166667 0.813575 
567.701331 332.038981 569.991322 320.499250 4.661055 0.166667 5.804098 
639.382784 344.779615 610.619382 345.332960 3.701221 0.083333 8.227999 
615.620380 348.724161 635.628245 348.582136 2.544301 0.333333 1.112089 
716.750691 506.671892 703.761108 514.621966 4.392965 0.166667 1.351073 
86.634429 351.866254 85.861230 373.133588 4.065431 0.166667 0.840063 
444.402179 333.416298 457.190641 327.564840 10.846558 0.333333 5.139760 
101.416584 335.771131 0.387441 302.598498 5.991388 0.333333 35.827516 
513.040795 355.509822 496.495464 367.605860 2.438641 0.166667 0.098002 
589.122893 278.144716 588.990797 268.080821 5.081598 0.083333 3.967169 
476.636057 280.154100 465.464853 258.804727 5.215755 0.333333 0.781746 
23.921316 440.137027 55.805079 447.326374 6.407700 0.166667 10.103974 
18.208046 289.137114 0.275273 282.876797 4.531900 0.083333 11.800075 
219.183622 371.434040 258.680418 380.777008 6.213038 0.333333 9.738721 
734.021061 31.057811 730.756677 17.491743 6.661430 0.333333 0.062765 
44.377337 439.365093 12.819580 431.919508 4.579351 0.333333 4.762279 
562.383275 349.224362 566.040392 331.217090 9.091449 0.333333 5.805102 
402.720062 393.293054 405.158877 381.029470 6.373771 0.166667 6.103940 
165.741395 350.159395 108.094155 335.748386 4.850796 0.333333 43.994680 
581.809985 282.617830 577.661575 262.700813 5.251218 0.333333 1.688116 
574.865297 0.748768 579.524992 29.350564 2.723990 0.166667 6.570853 
551.179261 225.789859 555.585321 244.384402 2.462429 0.166667 2.183834 
549.537346 197.632497 544.214070 182.367010 8.370987 0.333333 0.971757 
582.449707 26.996927 577.662484 0.482817 2.460220 0.166667 4.443220 
102.055028 346.440807 124.470645 347.816119 6.544469 0.083333 16.372157 
410.346656 367.164719 404.598559 361.642305 5.541834 0.083333 0.745739 
564.753505 212.432322 553.896928 206.499890 3.813330 0.166667 5.418631 
124.782270 348.861793 162.940080 357.675578 6.470382 0.333333 8.250504 
463.955600 204.357199 464.465500 228.149849 4.016965 0.166667 6.667852 
12.772697 294.235692 31.609920 300.210709 5.521857 0.083333 2.097342 
462.240135 415.300777 452.200397 412.972101 4.588263 0.166667 1.465234 
481.927505 268.087209 473.441436 256.296934 5.234257 0.083333 1.610011 
52.896241 327.603723 101.559516 342.879989 4.160635 0.333333 11.457565 
249.820355 525.948160 252.480896 511.990493 3.135840 0.166667 0.748751 
0.164799 312.429827 26.907207 319.248691 4.251428 0.166667 4.191050 
50.425634 298.753705 25.909012 290.979361 3.836403 0.083333 19.182173 
92.900025 457.964468 110.674577 461.634917 2.834510 0.166667 0.179500 
228.170025 103.096710 227.876029 115.619155 2.674656 0.166667 0.076413 
679.377362 124.179261 715.637165 124.616766 2.831604 0.333333 17.710765 
97.952295 446.748942 78.038342 443.688956 3.706497 0.166667 5.891303 
763.143464 319.629141 723.082471 322.539620 3.058220 0.333333 0.611801 
714.384918 121.314114 681.872980 120.739227 2.433311 0.333333 1.887571 
