302.310865 421.014816 292.337924 415.961415 3.389974 0.061111 15.714083 
390.424314 352.751216 331.748073 423.019012 5.133534 0.061111 187.406918 
483.198541 369.980289 475.508318 370.914632 3.270335 0.061111 2.655932 
437.374716 520.138581 422.863415 529.635327 3.860652 0.061111 6.382497 
249.657281 53.183199 248.736836 18.108944 3.650333 0.061111 28.989615 
278.606074 403.162989 266.089554 395.690661 3.860605 0.061111 13.194538 
316.065969 426.124287 306.285212 420.379065 3.678137 0.061111 4.967996 
773.211309 358.943071 765.600498 371.375234 4.742773 0.061111 6.754021 
761.008322 424.847099 746.604729 436.542134 3.334165 0.061111 13.120094 
474.621199 370.711271 459.757564 367.566708 3.927519 0.061111 19.857260 
667.955953 435.390971 655.360383 444.489167 4.391622 0.061111 2.780105 
539.753056 314.081709 537.571991 301.974623 2.903630 0.061111 4.587542 
414.442337 308.811562 401.935653 316.968002 4.597801 0.061111 15.285098 
418.013066 307.791030 411.270483 310.050886 4.350076 0.061111 1.880038 
263.331783 444.112501 284.507461 460.793646 3.599006 0.061111 17.164234 
778.098254 75.708665 759.378220 75.915873 3.874286 0.061111 8.571623 
768.024412 421.692303 760.684671 425.733379 2.770771 0.061111 1.210819 
401.913400 317.332585 393.191437 330.668451 3.822573 0.061111 8.404546 
538.218415 265.338150 526.833043 266.442403 3.212342 0.061111 11.932322 
343.881210 442.027371 340.385534 430.698893 3.494563 0.061111 10.294023 
485.730272 320.548771 487.564336 353.156535 5.202700 0.061111 47.055890 
772.391473 409.366169 772.135500 430.628136 2.695438 0.061111 10.405533 
763.180894 381.696711 761.273474 394.471822 3.764709 0.061111 8.782038 
738.062719 75.725498 703.079475 74.112169 3.015613 0.061111 46.087720 
719.371131 484.691730 705.607915 484.523600 2.637232 0.061111 6.474603 
353.504228 51.336399 335.725603 60.813722 5.811451 0.061111 22.280657 
282.249041 407.786881 277.125026 402.864720 3.641356 0.061111 7.216924 
451.877826 440.588789 438.211045 439.522326 2.784161 0.061111 1.153944 
234.529901 0.612831 234.865696 39.381577 3.793165 0.061111 93.184196 
644.747900 490.793030 639.690316 502.017082 4.157644 0.061111 7.150400 
245.198574 67.184587 250.089455 54.173685 3.510187 0.061111 14.612456 
276.700776 90.260061 268.116914 94.358063 2.358025 0.061111 2.396788 
473.497579 405.629550 473.054739 441.889408 2.667729 0.061111 24.782732 
730.830969 478.149365 730.654676 470.595136 2.615973 0.061111 0.026769 
704.372291 83.906817 744.380473 84.045454 3.858265 0.061111 50.436005 
428.190217 306.304418 417.042929 307.374446 4.260492 0.061111 9.556863 
706.900653 476.874086 706.587562 468.090689 2.676529 0.061111 0.740484 
695.126347 475.668047 695.415968 470.613024 2.638906 0.030556 0.516186 
336.813739 453.151633 342.923348 446.603077 4.569923 0.061111 12.277647 
430.725664 439.290950 378.147748 435.323537 4.279955 0.061111 72.145938 
457.979115 382.742541 451.041584 401.567868 4.630771 0.061111 18.834017 
471.882939 109.417611 486.829847 106.632664 3.999555 0.061111 10.422086 
499.378455 283.881739 492.206557 302.006198 4.649241 0.061111 17.795894 
482.967196 524.683263 474.005968 520.095886 2.847984 0.061111 1.206813 
474.441717 55.752651 463.039737 61.711862 2.844812 0.061111 8.507653 
613.225167 368.097980 606.115715 341.742628 3.755419 0.061111 18.794929 
464.914006 64.262113 500.319095 47.479647 3.322827 0.061111 34.457138 
301.835933 480.713732 311.595181 485.010547 2.655104 0.061111 3.821691 
640.138515 501.876220 640.179264 518.126118 3.771930 0.061111 4.122332 
653.244271 465.666117 649.631970 476.144510 3.585679 0.061111 8.789202 
709.331889 504.047090 716.903335 504.197364 3.898088 0.061111 4.989977 
798.145632 76.392867 784.367808 76.228752 3.824176 0.061111 10.945324 
502.330992 33.488623 484.425335 24.277157 2.891234 0.061111 10.405533 
477.270992 79.246139 497.015342 72.272339 2.568073 0.061111 17.223100 
522.996395 313.057839 530.758345 298.194636 2.893157 0.061111 6.599081 
413.163688 442.360222 455.681350 444.511073 3.934671 0.061111 98.898444 
487.120079 354.330341 486.616180 365.669049 2.886007 0.061111 16.927963 
596.283022 429.559384 603.324271 404.430838 3.128204 0.061111 27.541386 
329.779327 468.061024 336.468928 458.730031 5.232656 0.061111 0.236936 
436.450468 412.732890 466.511806 427.608938 5.012670 0.061111 43.936059 
295.979598 465.515277 300.299368 479.475760 2.473916 0.061111 3.932293 
571.677508 294.553268 547.957924 268.275813 3.530916 0.061111 42.959302 
496.318932 452.270497 512.056249 457.588654 3.519948 0.061111 15.257401 
259.050161 87.650251 278.229218 74.527314 1.954518 0.061111 11.443617 
693.172831 92.425480 708.103026 93.446367 3.485447 0.061111 0.866006 
511.955733 457.310323 542.078783 451.723822 3.646935 0.061111 46.472472 
539.929112 299.288323 541.736429 310.842207 2.469964 0.061111 4.989977 
344.963500 28.052718 346.682964 42.052117 2.960105 0.061111 11.112856 
760.279308 470.284300 764.200028 480.690921 4.542977 0.061111 5.582132 
798.737174 454.547192 795.204032 467.108189 3.083538 0.061111 2.292361 
783.138969 373.241991 774.217653 374.307242 3.278939 0.061111 3.023611 
566.673243 362.494043 558.026885 359.676044 3.151631 0.061111 2.655932 
583.239946 288.279920 574.605858 294.686142 2.234490 0.061111 2.396788 
792.903466 449.432300 793.879308 431.917025 2.774266 0.061111 5.582132 
744.410689 91.722703 748.520829 92.685868 4.221485 0.030556 0.964252 
288.538672 432.707988 299.838763 443.917584 2.697823 0.061111 15.586074 
669.970176 469.342937 671.118881 490.665734 2.765351 0.061111 8.404546 
745.691955 436.757851 736.403857 431.449340 2.790769 0.061111 0.089434 
655.203348 63.429846 687.922818 92.105692 3.992599 0.061111 69.245698 
311.086472 468.240458 298.179648 462.990645 2.354827 0.061111 2.329287 
514.726599 46.528830 502.189058 34.066598 2.702228 0.061111 18.384387 
785.726519 356.791677 774.345156 357.782028 4.386041 0.061111 3.647509 
561.415110 321.690388 569.370303 301.873114 3.717044 0.061111 16.477385 
578.658911 412.101187 567.329757 420.025179 2.972246 0.061111 4.967996 
589.083434 427.001429 583.075598 413.146422 2.141400 0.061111 7.333160 
498.310113 60.900106 475.874847 75.996311 2.490716 0.061111 28.728501 
340.582840 69.292832 363.952643 57.301848 3.965345 0.061111 38.983483 
222.709215 45.622311 222.813981 78.121973 2.592665 0.061111 49.702718 
505.458314 308.779005 515.705569 305.913079 1.877160 0.061111 0.026769 
508.255085 62.096535 489.946095 72.847574 2.412783 0.061111 7.150400 
505.743671 89.871282 510.933883 82.080785 2.426388 0.061111 1.210819 
769.375595 84.735413 796.879645 84.690030 5.006181 0.061111 46.685495 
394.134566 330.310630 391.397334 343.287905 3.153306 0.061111 6.653405 
450.331073 401.620243 445.711558 406.950023 2.707858 0.061111 1.147525 
316.107624 487.060140 324.831271 480.773571 3.937333 0.061111 3.360638 
484.793862 35.429571 482.090727 46.925725 2.361273 0.061111 1.880038 
268.150711 79.423028 255.834535 86.016404 1.691979 0.061111 0.333243 
240.949452 140.042033 393.308752 65.932924 4.370927 0.061111 331.975536 
353.091675 19.425088 362.905666 25.954660 3.126273 0.061111 5.722506 
481.881155 74.384607 500.852783 62.230554 2.483297 0.061111 10.981198 
431.086787 411.542144 436.353969 418.849560 2.475863 0.061111 0.026769 
555.345943 392.552039 544.284603 397.939396 1.758497 0.061111 0.026769 
503.818516 274.745372 499.072998 283.631278 3.382927 0.061111 2.819505 
538.337187 382.888625 542.852720 363.062985 4.766736 0.061111 20.470337 
649.994307 475.521691 648.134350 486.876532 2.871243 0.061111 5.321221 
639.091003 18.433413 627.971024 7.025085 4.498241 0.061111 11.244600 
302.865323 452.441778 322.445672 475.132555 5.639903 0.061111 43.067206 
483.133871 49.752498 486.985511 36.908139 2.994091 0.061111 2.292361 
545.394032 231.599537 537.731909 229.783591 3.072383 0.061111 1.210819 
264.592420 400.473257 275.554349 410.779651 3.969539 0.061111 22.828322 
275.160356 410.934356 285.919085 427.093678 7.280649 0.061111 45.568108 
407.067269 10.672590 402.697117 28.328489 2.414720 0.061111 2.878556 
619.389910 443.917330 569.360581 444.858792 3.111040 0.061111 96.528575 
681.806851 58.287365 650.764051 29.315355 4.569189 0.061111 69.333382 
462.144715 53.982711 470.144147 39.809098 3.125582 0.061111 5.118286 
545.279124 364.399602 546.966234 388.118511 2.405012 0.061111 13.833191 
553.328378 275.219964 545.333497 271.205539 3.355996 0.061111 3.023611 
224.386561 133.100939 238.485302 139.875123 3.336094 0.061111 21.515341 
761.033833 437.798519 764.341886 431.856565 4.368610 0.061111 0.609315 
504.601901 340.769272 503.318965 331.671380 5.474641 0.061111 2.230649 
480.632391 49.562242 472.667291 56.530617 3.175533 0.061111 0.070801 
497.390721 45.157073 489.865771 50.119238 2.419810 0.061111 0.026769 
473.086805 450.452632 485.793831 447.636919 3.120345 0.061111 3.878635 
347.504284 49.470182 371.664779 36.483892 3.977474 0.061111 41.673446 
676.701647 527.049431 670.432342 520.818855 5.297798 0.061111 3.472845 
467.558689 38.427243 462.785323 49.224837 1.913565 0.061111 0.026769 
496.390612 72.390280 506.233073 65.901324 2.110333 0.061111 1.210819 
650.888652 30.379175 640.003418 18.704554 3.718825 0.061111 16.537576 
710.302764 43.577519 716.543934 41.055667 3.254525 0.061111 0.026769 
769.921106 18.890867 776.593855 16.182363 4.196959 0.061111 4.989977 
621.871900 11.878629 632.592011 21.035591 4.336519 0.061111 6.322595 
750.591968 84.662023 771.902648 83.931028 5.125617 0.061111 28.398386 
511.044735 52.922847 515.406867 61.980057 2.252382 0.061111 1.210819 
606.496196 394.596689 613.149783 368.449388 3.060944 0.061111 20.171481 
639.517852 27.979502 654.665805 42.851963 4.476007 0.061111 15.533546 
243.995339 35.602069 242.030409 68.134387 2.721538 0.061111 26.242711 
390.507676 67.703020 400.757931 64.853111 3.078316 0.061111 12.072444 
222.873722 88.118294 223.150724 129.374827 2.743326 0.061111 82.620544 
273.909465 17.340696 262.032303 5.467642 1.769296 0.061111 9.644684 
276.791792 72.988568 265.813516 79.684098 2.134364 0.061111 4.773590 
340.645603 433.401007 334.107500 424.871855 3.041890 0.061111 4.170790 
487.913530 34.751886 499.670351 41.348620 3.191537 0.061111 14.403154 
758.578402 40.635014 749.636800 43.852549 4.468497 0.061111 2.878556 
551.405337 351.988617 552.704788 343.063817 2.389218 0.061111 0.333243 
794.205858 423.165482 798.087513 439.383972 1.849431 0.061111 4.989977 
747.648410 1.204354 759.200367 14.526429 3.652098 0.061111 8.404546 
766.212599 10.487720 767.726592 16.968079 3.003198 0.061111 1.147525 
473.647134 446.971515 476.898992 429.379435 2.138019 0.061111 12.040836 
719.878397 61.433244 713.692421 65.286041 4.365235 0.061111 0.609315 
783.741546 64.417579 784.027842 51.867081 4.884672 0.061111 4.403726 
744.974418 48.026120 733.563903 53.967867 4.526679 0.061111 14.305995 
492.286248 302.719530 485.967447 315.790546 2.832152 0.061111 6.653405 
446.560790 175.500163 449.924971 200.718386 2.808626 0.061111 28.265549 
532.041732 302.503517 523.630324 317.164910 2.630670 0.061111 7.766916 
730.025605 35.467074 740.293283 31.095826 3.108655 0.061111 12.072444 
746.521732 28.530653 754.239665 25.301535 3.647628 0.061111 10.858564 
570.095945 378.153313 570.491912 368.070683 2.694284 0.061111 0.740484 
482.060440 304.342419 484.729286 319.532375 4.126044 0.061111 10.506679 
704.286866 13.528332 712.078967 1.213151 4.010131 0.061111 17.929431 
433.130209 5.635862 444.226129 0.314575 2.300234 0.061111 1.880038 
210.429864 468.084377 172.898524 462.028613 4.139698 0.061111 77.783391 
477.942015 289.438685 482.750657 303.255284 2.824022 0.061111 3.878635 
476.013190 425.631019 476.304164 406.866148 1.521177 0.061111 14.325410 
333.578935 62.371450 321.925354 67.001733 4.169568 0.061111 8.231123 
447.943144 136.869981 446.874524 175.590489 2.809411 0.061111 58.455870 
484.574824 23.520341 531.467438 -0.181342 3.001625 0.061111 90.840929 
733.248802 56.851572 736.304017 72.996505 2.987343 0.061111 19.140952 
749.496448 70.760562 747.666927 55.529873 4.319552 0.061111 9.002558 
778.101228 8.469674 766.872357 8.302282 3.842743 0.061111 13.221379 
444.908677 423.858569 438.742789 417.486781 2.939084 0.061111 1.492999 
755.542292 23.098803 741.207287 7.488149 3.833276 0.061111 21.252542 
452.909176 315.966459 441.154737 308.536894 3.947430 0.061111 18.384387 
380.554925 498.850026 413.232919 502.008427 3.774259 0.061111 71.530940 
430.816626 14.730191 418.000614 21.644442 2.880644 0.061111 12.040836 
520.199256 70.519052 518.103842 54.217048 4.481119 0.061111 7.647429 
173.109302 473.225686 209.450385 478.891470 4.137026 0.061111 75.175770 
672.635695 500.639341 673.111571 516.875394 1.542436 0.061111 2.361405 
413.110410 492.039522 380.534049 489.150578 3.735340 0.061111 70.339317 
675.101403 469.468569 677.359625 451.937426 2.160123 0.061111 1.716459 
232.056415 76.875320 232.118205 41.875429 1.309582 0.061111 20.569602 
689.012149 7.968602 692.544758 28.006927 2.750151 0.061111 22.828322 
474.752390 524.217733 478.155167 532.383330 2.836472 0.061111 0.740484 
532.627188 366.375601 523.865279 375.109669 1.677408 0.061111 0.026769 
513.296204 375.950272 520.830892 400.939813 2.982900 0.061111 11.030216 
255.369518 0.843781 265.247013 12.378255 1.762497 0.061111 2.655932 
578.147062 498.750206 565.618553 499.192311 2.851105 0.061111 7.155749 
712.601851 450.131226 721.127049 441.098859 2.727109 0.061111 8.507653 
292.983197 376.562915 258.026305 371.277789 3.334134 0.061111 69.214372 
673.129836 398.486754 646.884526 398.837607 2.716991 0.061111 37.563920 
692.152498 438.973554 708.410568 450.211879 3.160574 0.061111 10.989517 
774.570728 49.317365 779.711603 66.775883 3.950373 0.061111 8.386121 
439.411101 45.692347 448.290023 40.932854 2.362236 0.030556 2.350235 
737.700681 443.272263 741.975664 455.590064 2.313185 0.061111 3.821691 
528.073186 341.869828 546.894314 341.092883 5.253529 0.061111 12.096306 
708.928902 13.610654 704.272570 21.318271 3.209748 0.061111 9.644684 
653.628948 28.255816 649.439610 4.363671 2.742419 0.061111 34.743301 
697.429333 22.775425 694.349705 6.879901 2.929873 0.061111 7.161122 
605.129498 348.255925 609.078968 363.203219 3.055698 0.061111 8.884164 
565.601531 503.125128 579.393611 502.866149 2.734235 0.061111 11.112856 
704.244280 22.859509 708.507053 40.830875 2.494788 0.061111 9.556863 
743.455087 459.225339 749.221892 471.944419 2.489115 0.061111 5.722506 
674.900292 506.820512 673.347609 491.851909 2.099749 0.061111 0.070801 
648.121042 402.898082 688.152469 402.199827 3.793030 0.061111 64.777686 
555.652073 254.362489 545.544285 232.489953 2.707804 0.061111 8.571623 
738.075031 13.134443 735.936170 1.816197 3.452673 0.061111 2.794628 
553.405060 154.879731 536.367647 122.139013 3.416920 0.061111 64.858320 
524.343777 129.123744 534.391754 177.863853 3.307367 0.061111 52.593603 
581.794902 503.223309 598.226230 502.080543 3.394062 0.061111 21.651094 
480.971672 215.118761 474.874617 207.713637 2.554064 0.061111 2.396788 
629.377644 399.253569 609.371897 399.300437 2.546848 0.061111 26.639002 
681.140963 16.764372 685.972922 39.300402 2.880494 0.061111 19.904338 
721.623234 0.676048 728.199471 33.109900 2.647848 0.061111 35.843668 
401.781967 71.129462 406.360282 83.318335 2.928313 0.061111 1.716459 
435.063733 14.471458 465.222368 -0.202508 3.402250 0.061111 37.055285 
554.367547 448.851279 610.623943 448.050753 3.891906 0.061111 108.358876 
741.283980 28.246281 738.229239 13.360118 2.732119 0.061111 15.522939 
289.352729 473.145085 301.237074 486.323009 2.602565 0.061111 6.599081 
404.840794 81.514779 412.954703 92.006699 2.294082 0.061111 4.170790 
599.427166 498.189561 580.607594 498.936376 3.548793 0.061111 27.546752 
464.253751 338.161211 460.861948 326.804235 2.877767 0.061111 10.736874 
335.198282 423.710517 353.588683 411.900552 4.805368 0.061111 27.255223 
721.484303 34.451150 718.295721 18.091725 3.202468 0.061111 9.879728 
598.365069 322.986223 597.138658 331.911230 4.783285 0.061111 4.967996 
516.446426 355.861017 527.784295 351.068910 2.033933 0.061111 0.333243 
170.438064 464.369818 170.415490 470.628753 2.522525 0.030556 3.546005 
709.451979 525.799396 720.714627 520.828050 2.019061 0.061111 2.396788 
584.329687 10.279244 587.834529 22.490845 4.472024 0.061111 8.786323 
525.915777 89.732032 522.446831 80.412159 2.479594 0.061111 1.492999 
596.293477 9.888886 654.619516 62.855743 2.370820 0.061111 101.937228 
776.137398 509.735405 764.119277 485.139180 2.897247 0.061111 30.901510 
252.974236 409.395885 255.253587 425.849616 2.513848 0.061111 1.825456 
655.997236 518.986839 666.853359 529.397567 4.585014 0.061111 6.754021 
509.300398 263.242262 496.439212 255.059986 2.876680 0.061111 6.062284 
646.205750 5.508888 650.242914 25.701392 2.942023 0.061111 28.655751 
604.022624 324.393672 604.160120 299.373819 7.541102 0.061111 34.768475 
701.576242 44.422649 699.795478 33.257301 2.271923 0.061111 1.492999 
255.230208 425.801171 262.730451 442.608861 3.283338 0.061111 8.866258 
321.839657 380.854031 300.518695 377.563884 3.042667 0.061111 28.896332 
430.869002 310.159949 425.959705 320.779727 2.793774 0.061111 0.070801 
494.247690 243.184311 481.268777 215.325080 3.089887 0.061111 27.242758 
579.242119 223.182979 563.156211 186.315978 2.958765 0.061111 35.307465 
597.051900 351.061541 593.901626 343.317570 2.315719 0.030556 0.163680 
457.893656 0.176434 434.041344 12.478055 2.326829 0.061111 23.044154 
504.918853 389.741068 517.781471 414.553087 2.301181 0.061111 10.045809 
721.753817 521.185024 738.369441 518.266769 3.327238 0.061111 22.828322 
601.522548 336.076077 603.798311 325.241317 7.853731 0.061111 27.352024 
245.079807 20.549948 246.423981 33.173027 3.147738 0.061111 5.543931 
616.873742 402.722664 640.627401 402.757928 2.525977 0.061111 31.133020 
425.613583 499.998817 439.381797 499.747787 2.659093 0.061111 4.587542 
329.488149 457.850213 319.617610 453.785813 1.796494 0.030556 2.444488 
359.468565 405.720983 364.531515 400.785559 2.685253 0.061111 1.147525 
363.897884 400.181957 377.965432 386.708397 3.013146 0.061111 28.896332 
453.089297 219.382644 461.971966 260.871860 3.232919 0.061111 34.141653 
463.671965 351.914344 464.579358 339.299785 2.941975 0.061111 11.112856 
470.841249 532.065030 470.092387 523.065307 3.737085 0.061111 5.722506 
718.907132 421.917113 717.669396 408.166009 2.826112 0.061111 6.171022 
258.182904 375.203885 291.981392 379.851255 3.080360 0.061111 60.844768 
359.296481 386.147132 323.112847 380.705816 2.964761 0.061111 53.924452 
443.795933 125.396728 447.363993 135.883918 5.136154 0.061111 8.285878 
526.853853 502.296863 534.460060 502.678148 2.496865 0.061111 0.026769 
756.219541 57.663227 762.412337 48.872927 3.367580 0.061111 6.474603 
241.428995 34.418899 242.317338 18.149152 2.428132 0.061111 2.794628 
532.094667 359.694347 519.523838 368.341377 1.250000 0.061111 2.361405 
135.613357 516.950920 49.285054 503.711499 3.031780 0.061111 97.366322 
510.310703 382.141615 512.474974 374.545954 4.634062 0.061111 2.243371 
168.235290 521.074383 135.495609 516.564268 3.203162 0.061111 44.946863 
405.133742 27.172824 410.644787 13.132767 2.533758 0.061111 9.683855 
38.338845 368.579120 0.231366 358.340012 3.567942 0.061111 87.185195 
718.386823 5.573228 724.093055 34.430751 1.510339 0.061111 19.118926 
770.021890 61.012419 768.164491 52.128074 4.638387 0.061111 3.878635 
562.899315 183.197531 553.952576 155.359034 3.612832 0.061111 33.169833 
314.472717 73.177286 306.805410 87.506611 2.639371 0.061111 8.424938 
558.696142 32.365463 565.888860 37.774103 2.501565 0.061111 2.396788 
545.115810 306.098114 559.010473 321.052262 2.812060 0.061111 14.956200 
729.161195 59.419964 732.036272 73.091084 1.480494 0.061111 0.026769 
40.646714 527.975064 0.404568 522.147077 3.464029 0.061111 60.903626 
559.571991 301.758709 551.614350 288.278871 2.152856 0.061111 0.070801 
563.623767 18.260022 562.688938 4.404421 4.904513 0.061111 9.182302 
588.061010 393.320685 575.715630 379.433235 3.528848 0.061111 14.212831 
457.837691 363.597705 463.259923 352.555033 2.774873 0.061111 3.456343 
568.746851 36.389119 561.205360 30.189592 2.103046 0.061111 0.026769 
482.655658 384.939231 494.221265 394.559816 2.270728 0.061111 0.609315 
521.885276 110.690874 521.618255 100.598720 6.313936 0.061111 2.780105 
521.824416 384.386596 524.399390 395.619409 2.436794 0.061111 7.216924 
121.955747 518.736163 201.786335 528.826484 3.277866 0.061111 142.015396 
262.982869 111.635265 253.766817 117.099169 3.425413 0.061111 8.789202 
550.075741 282.257642 565.529960 304.441210 2.270168 0.061111 6.931331 
244.340949 417.032475 144.417988 395.426194 3.335215 0.061111 172.854619 
462.384816 261.617751 476.489128 289.569708 2.795066 0.061111 33.920558 
785.567940 55.602045 788.945904 47.205243 3.252411 0.061111 1.880038 
390.734888 49.675287 363.954327 59.475439 3.866122 0.061111 25.376568 
433.787965 329.529010 452.554792 320.667428 3.924701 0.061111 15.559725 
278.115834 103.108096 264.789472 110.334100 3.706762 0.061111 13.833191 
531.733084 352.727945 520.568968 356.718231 1.682842 0.030556 0.964252 
475.797236 206.850701 471.179619 174.120403 3.379375 0.061111 35.358229 
660.955672 0.559891 666.117985 26.777932 3.177366 0.061111 38.481278 
300.570711 380.947173 316.986490 383.713375 2.478868 0.061111 14.325410 
374.997706 399.880787 392.620576 385.026557 6.034913 0.061111 37.722462 
332.910960 385.315330 342.041475 387.393634 2.715079 0.061111 2.655932 
684.487082 41.834875 681.029801 32.177579 2.019482 0.061111 1.147525 
754.995810 470.535495 753.734515 461.787123 2.373126 0.061111 0.026769 
372.787739 423.627505 384.477893 418.353049 2.056325 0.061111 4.773590 
539.333256 136.772078 540.196954 146.911462 3.111468 0.061111 1.711675 
690.675737 521.789026 703.609671 529.421860 2.982414 0.061111 6.062284 
774.289075 392.635032 784.628720 390.821787 3.693633 0.061111 3.338502 
27.016481 499.766116 13.028322 497.461899 2.873096 0.061111 19.355723 
57.054758 530.901889 47.923624 529.215139 2.912537 0.061111 3.023611 
474.992361 387.457983 483.993879 397.226207 1.694145 0.061111 1.210819 
537.228273 120.447283 529.691653 105.465705 1.712572 0.061111 0.740484 
276.701389 101.538039 288.136112 95.646566 3.367392 0.061111 2.292361 
365.498316 407.917422 371.297485 402.440100 7.068189 0.061111 2.493705 
784.388302 32.879150 773.103704 32.268600 1.720900 0.061111 2.396788 
491.439277 401.054046 479.661469 389.092921 1.795016 0.061111 7.155749 
343.209829 433.200830 362.030524 412.146630 6.128070 0.061111 71.020243 
561.675718 190.720291 570.601303 209.386331 2.206183 0.061111 8.884164 
418.959731 346.860021 418.102525 370.624189 1.925085 0.061111 12.255772 
770.920475 521.766289 774.608120 531.789230 5.743872 0.061111 6.931331 
474.350459 211.893263 480.768931 220.517886 2.005567 0.061111 0.026769 
781.157295 532.060883 778.572984 522.082720 2.733552 0.061111 0.740484 
9.378496 500.603577 38.177516 505.303183 2.947289 0.061111 50.916598 
144.093684 395.205059 130.981557 390.761218 5.116847 0.061111 14.263463 
312.238005 72.487252 299.150721 80.246727 2.549996 0.061111 13.286324 
471.018084 431.977231 453.056256 425.825725 2.462454 0.061111 15.782236 
739.219222 517.751901 749.068029 513.639783 2.788601 0.061111 3.821691 
234.333301 529.689410 176.849716 522.065639 2.793822 0.061111 76.943757 
497.787915 300.558213 494.071623 319.314891 1.954990 0.061111 8.789202 
546.698384 425.694500 541.342730 412.084452 1.658663 0.061111 0.333243 
729.051504 515.845438 711.694098 521.299257 2.179762 0.061111 3.338502 
530.611827 405.626939 532.826230 420.668983 2.837454 0.061111 4.434817 
43.114129 501.960105 29.270663 500.191839 2.638231 0.061111 1.716459 
462.468361 126.189904 467.372515 121.038706 5.345119 0.061111 2.794628 
399.334294 377.263376 409.484814 378.327267 3.495472 0.061111 0.644682 
493.510351 336.910744 491.189876 361.927396 2.373863 0.061111 21.011672 
539.642952 191.986673 543.900681 229.428937 2.230626 0.061111 29.793330 
590.292968 270.428845 586.553042 252.926693 2.099964 0.061111 2.243371 
419.010638 24.166462 411.462691 37.354440 2.947625 0.061111 9.146904 
470.204523 173.506788 466.426736 156.977451 3.760288 0.061111 6.128260 
119.395234 390.550004 39.164888 368.903767 3.178395 0.061111 124.676681 
613.103382 495.877998 606.792648 495.338751 2.810194 0.061111 0.026769 
253.594070 117.847380 225.904598 131.204605 2.330989 0.061111 34.621773 
345.791242 69.702015 279.512554 103.395583 2.154023 0.061111 76.628676 
483.065599 375.808729 504.865802 382.856946 3.568146 0.061111 32.052694 
753.119758 508.124410 754.802633 493.173133 1.719499 0.061111 1.492999 
607.920041 363.000073 609.281171 374.386217 2.779070 0.061111 5.321221 
416.786452 371.886111 415.531743 361.886702 1.862784 0.061111 1.147525 
429.166767 31.496227 395.334162 50.095971 3.177137 0.061111 30.279443 
410.498958 378.538816 426.844541 379.777072 3.833709 0.061111 4.755578 
560.107451 317.441925 549.221040 305.768581 2.742478 0.061111 3.938070 
355.765690 435.629451 406.927704 441.408404 2.385105 0.061111 47.055975 
415.980364 360.651393 417.095160 345.641351 1.709479 0.061111 7.216924 
449.416411 155.629367 450.864250 141.900231 1.767486 0.061111 4.789165 
488.309880 394.180921 499.826191 405.151359 1.250000 0.061111 2.655932 
230.575119 472.177237 214.153511 469.467050 3.292862 0.061111 15.652818 
324.330001 362.076231 312.817136 359.501733 2.841255 0.061111 2.329287 
263.936015 430.927489 270.620399 440.628170 1.738554 0.061111 0.026769 
363.429065 429.815338 372.276277 423.706118 1.812492 0.061111 1.147525 
516.971256 416.804593 507.529396 403.896336 1.942990 0.061111 0.089434 
549.990975 319.061986 544.421286 308.101479 1.526840 0.061111 0.026769 
45.667127 506.604908 118.158285 517.911598 2.662772 0.061111 101.502359 
226.879206 128.133536 250.449513 116.518873 1.251025 0.061111 12.072444 
453.026553 201.886623 450.826016 183.248852 2.482755 0.061111 5.003501 
204.273954 528.920577 224.425171 531.479981 2.322579 0.061111 6.074408 
536.646037 410.646641 538.062284 425.630928 1.714935 0.061111 3.584442 
397.440130 428.156247 396.925326 416.872704 2.725286 0.061111 6.160539 
410.653922 322.070098 415.348434 316.636072 5.417949 0.061111 7.296236 
497.498278 328.143037 497.860764 315.617353 1.538749 0.061111 2.396788 
534.453888 178.092869 539.968850 191.633124 2.572205 0.061111 6.860907 
438.774805 368.783013 428.638739 357.656972 1.848073 0.061111 0.740484 
759.295973 393.417200 730.637933 395.781752 2.183172 0.061111 25.185734 
363.266534 60.893235 349.415476 68.201710 1.350063 0.061111 2.361405 
670.949654 10.878423 668.140410 0.620780 2.411210 0.061111 0.333243 
466.499619 155.666242 464.162996 134.398292 2.061589 0.061111 17.919737 
668.332694 30.592726 670.098570 41.956803 2.002918 0.061111 0.333243 
213.275421 478.581758 225.799152 480.956613 2.752801 0.061111 9.683855 
148.071103 405.886928 228.029357 422.339808 2.806567 0.061111 93.480841 
0.527224 369.780326 41.788485 379.733646 2.558219 0.061111 55.099454 
1.648652 362.709229 26.829819 369.541520 2.085444 0.061111 19.299886 
236.850314 68.126951 235.566569 51.879617 1.836870 0.061111 9.644684 
124.539371 394.914863 135.766530 397.513545 2.153729 0.061111 6.003045 
236.098818 395.587778 236.984848 406.866370 1.637747 0.061111 0.026769 
393.579577 27.456177 352.578895 -0.410646 4.175593 0.061111 73.687207 
431.858523 343.242550 456.892316 346.751463 1.758437 0.061111 11.443617 
116.665794 399.047741 142.980172 405.013792 2.601001 0.061111 21.478400 
254.304005 370.952284 243.041651 368.509236 2.178190 0.061111 6.003045 
136.730097 397.576028 163.143460 403.035693 2.195219 0.061111 12.595457 
582.121211 244.348083 580.350917 228.154964 1.378442 0.061111 3.575285 
488.880952 439.518104 484.388646 424.008978 2.401294 0.061111 2.794628 
521.945149 442.338002 508.133424 444.430604 1.610394 0.061111 2.361405 
561.866772 454.032135 613.117256 452.802284 2.709193 0.061111 76.333565 
736.893165 398.369859 760.605399 396.610775 1.339051 0.061111 10.858564 
69.356200 386.951143 105.559558 395.890046 2.142484 0.061111 37.128867 
238.435955 409.726273 247.022970 412.697335 1.998732 0.030556 2.444488 
368.133213 441.806070 381.837582 443.439023 1.389118 0.061111 1.147525 
